#t,x,y,z
1183270333,-0.03759765625,0.16162109375,0.908203125
1183270334,-0.03759765625,0.16162109375,0.908203125
1183270334,-0.03759765625,0.16162109375,0.908203125
1183270334,-0.03759765625,0.16162109375,0.908203125
1183270334,-0.03759765625,0.16162109375,0.908203125
1183270334,-0.03759765625,0.16162109375,0.908203125
1183270334,-0.03759765625,0.16162109375,0.908203125
1183270334,-0.03759765625,0.16162109375,0.908203125
1183270334,-0.03759765625,0.16162109375,0.908203125
1183270334,-0.03759765625,0.16162109375,0.908203125
1183270335,-0.03759765625,0.16162109375,0.908203125
1183270335,-0.03759765625,0.16162109375,0.908203125
1183270335,-0.03759765625,0.16162109375,0.908203125
1183270335,-0.03759765625,0.16162109375,0.908203125
1183270335,-0.03759765625,0.16162109375,0.908203125
1183270335,-0.03759765625,0.16162109375,0.908203125
1183270335,-0.03759765625,0.16162109375,0.908203125
1183270335,-0.03759765625,0.16162109375,0.908203125
1183270335,-0.03759765625,0.16162109375,0.908203125
1183270335,-0.03759765625,0.16162109375,0.908203125
1183270335,-0.03759765625,0.16162109375,0.908203125
1183270335,-0.03759765625,0.16162109375,0.908203125
1183270335,-0.03759765625,0.16162109375,0.908203125
1183270335,-0.03759765625,0.16162109375,0.908203125
1183270335,-0.03759765625,0.16162109375,0.908203125
1183270336,-0.03759765625,0.16162109375,0.908203125
1183270336,-0.03759765625,0.16162109375,0.908203125
1183270336,-0.03759765625,0.16162109375,0.908203125
1183270375,-0.0341796875,0.16064453125,0.9072265625
1183270375,-0.0341796875,0.16064453125,0.9072265625
1183270375,-0.0341796875,0.16064453125,0.9072265625
1183270411,-0.03173828125,0.1708984375,0.90576171875
1183270411,-0.03173828125,0.1708984375,0.90576171875
1183270429,-0.03076171875,0.1728515625,0.9033203125
1183270455,-0.0380859375,0.15966796875,0.908203125
1183270455,-0.03857421875,0.1630859375,0.90380859375
1183270485,-0.04150390625,0.17333984375,0.9033203125
1183270515,-0.0419921875,0.16943359375,0.90380859375
1183270515,-0.03515625,0.1669921875,0.90625
1183270545,-0.0400390625,0.1669921875,0.90576171875
1183270576,-0.03857421875,0.16748046875,0.90673828125
1183270577,-0.0390625,0.17333984375,0.9072265625
1183270612,-0.04541015625,0.16650390625,0.90673828125
1183270669,-0.03857421875,0.16455078125,0.91162109375
1183270669,-0.04296875,0.17626953125,0.912109375
1183270669,-0.044921875,0.17236328125,0.90185546875
1183270697,-0.04248046875,0.17138671875,0.90673828125
1183270697,-0.04833984375,0.17041015625,0.904296875
1183270727,-0.04736328125,0.171875,0.91455078125
1183270759,-0.0478515625,0.1689453125,0.900390625
1183270759,-0.04248046875,0.171875,0.89892578125
1183270787,-0.0478515625,0.16748046875,0.9072265625
1183270820,-0.04833984375,0.1787109375,0.8994140625
1183270820,-0.04833984375,0.1787109375,0.8994140625
1183270847,-0.046875,0.173828125,0.90087890625
1183270878,-0.0517578125,0.169921875,0.900390625
1183270880,-0.056640625,0.17529296875,0.8974609375
1183270907,-0.0517578125,0.17578125,0.8876953125
1183270935,-0.052734375,0.1669921875,0.90087890625
1183270938,-0.05078125,0.177734375,0.91015625
1183270965,-0.05322265625,0.17626953125,0.9033203125
1183270996,-0.05224609375,0.181640625,0.90380859375
1183270998,-0.04931640625,0.17822265625,0.89794921875
1183271027,-0.0419921875,0.18115234375,0.9013671875
1183271057,-0.0458984375,0.1806640625,0.908203125
1183271057,-0.05078125,0.1787109375,0.89453125
1183271115,-0.0458984375,0.17626953125,0.8984375
1183271115,-0.0458984375,0.17626953125,0.8984375
1183271116,-0.048828125,0.18310546875,0.8994140625
1183271146,-0.04638671875,0.1806640625,0.89697265625
1183271178,-0.04736328125,0.1826171875,0.8955078125
1183271178,-0.04541015625,0.17919921875,0.900390625
1183271206,-0.052734375,0.171875,0.908203125
1183271237,-0.0458984375,0.185546875,0.904296875
1183271239,-0.048828125,0.18603515625,0.90478515625
1183271267,-0.04931640625,0.1748046875,0.90087890625
1183271297,-0.04736328125,0.181640625,0.9033203125
1183271298,-0.0478515625,0.1748046875,0.9091796875
1183271327,-0.04833984375,0.1728515625,0.9013671875
1183271357,-0.04296875,0.1826171875,0.90673828125
1183271357,-0.04150390625,0.1787109375,0.90087890625
1183271387,-0.04296875,0.17529296875,0.904296875
1183271417,-0.04541015625,0.185546875,0.9013671875
1183271421,-0.044921875,0.1796875,0.8974609375
1183271449,-0.04248046875,0.181640625,0.90478515625
1183271476,-0.044921875,0.18017578125,0.89990234375
1183271476,-0.0439453125,0.181640625,0.89501953125
1183271508,-0.0439453125,0.17724609375,0.89013671875
1183271538,-0.0478515625,0.1767578125,0.89697265625
1183271538,-0.05126953125,0.1806640625,0.89892578125
1183271567,-0.05224609375,0.18017578125,0.89794921875
1183271596,-0.05517578125,0.17626953125,0.896484375
1183271596,-0.05029296875,0.17333984375,0.904296875
1183271626,-0.05322265625,0.16357421875,0.90478515625
1183271657,-0.0537109375,0.16552734375,0.90966796875
1183271657,-0.05322265625,0.16845703125,0.904296875
1183271686,-0.0498046875,0.166015625,0.90380859375
1183271717,-0.0556640625,0.1728515625,0.91455078125
1183271717,-0.0498046875,0.169921875,0.90869140625
1183271747,-0.0517578125,0.1708984375,0.9189453125
1183271810,-0.04931640625,0.1728515625,0.91259765625
1183271810,-0.05029296875,0.1787109375,0.9111328125
1183271810,-0.046875,0.16357421875,0.89794921875
1183271837,-0.0498046875,0.17578125,0.90234375
1183271837,-0.05224609375,0.17431640625,0.900390625
1183271867,-0.05810546875,0.17333984375,0.9130859375
1183271895,-0.03857421875,0.16259765625,0.9091796875
1183271896,-0.03857421875,0.16259765625,0.9091796875
1183271925,-0.0537109375,0.171875,0.90966796875
1183271957,-0.05517578125,0.17529296875,0.91796875
1183271957,-0.046875,0.1787109375,0.90771484375
1183271991,-0.05078125,0.18212890625,0.90771484375
1183272017,-0.0517578125,0.18701171875,0.9052734375
1183272018,-0.0546875,0.18310546875,0.8984375
1183272046,-0.0546875,0.18408203125,0.90234375
1183272077,-0.06005859375,0.177734375,0.88720703125
1183272077,-0.05908203125,0.17431640625,0.890625
1183272108,-0.0615234375,0.18896484375,0.88818359375
1183272137,-0.05908203125,0.17822265625,0.88818359375
1183272138,-0.052734375,0.17529296875,0.89111328125
1183272165,-0.05712890625,0.171875,0.890625
1183272258,-0.0546875,0.1708984375,0.89208984375
1183272259,-0.0537109375,0.17236328125,0.9013671875
1183272259,-0.05078125,0.1748046875,0.89697265625
1183272260,-0.05224609375,0.16943359375,0.8994140625
1183272260,-0.05615234375,0.17138671875,0.892578125
1183272287,-0.0537109375,0.17236328125,0.89306640625
1183272317,-0.0595703125,0.17041015625,0.90087890625
1183272317,-0.06298828125,0.16943359375,0.9033203125
1183272347,-0.0576171875,0.18212890625,0.90087890625
1183272377,-0.0576171875,0.171875,0.90576171875
1183272377,-0.05615234375,0.1630859375,0.9130859375
1183272407,-0.05419921875,0.17626953125,0.91357421875
1183272437,-0.05029296875,0.1708984375,0.91455078125
1183272437,-0.0546875,0.17626953125,0.9150390625
1183272472,-0.0498046875,0.1748046875,0.91015625
1183272499,-0.0537109375,0.17822265625,0.90869140625
1183272527,-0.05322265625,0.17431640625,0.9052734375
1183272527,-0.05712890625,0.17236328125,0.90576171875
1183272557,-0.05712890625,0.166015625,0.9072265625
1183272586,-0.05908203125,0.16748046875,0.9111328125
1183272587,-0.05908203125,0.166015625,0.9150390625
1183272616,-0.04638671875,0.1708984375,0.91455078125
1183272647,-0.04736328125,0.16845703125,0.90771484375
1183272648,-0.05029296875,0.16650390625,0.90087890625
1183272677,-0.05126953125,0.162109375,0.91064453125
1183272706,-0.05517578125,0.1650390625,0.90966796875
1183272707,-0.06005859375,0.17041015625,0.90576171875
1183272737,-0.0517578125,0.17578125,0.89892578125
1183272767,-0.05126953125,0.1669921875,0.89892578125
1183272768,-0.05126953125,0.1689453125,0.90625
1183272797,-0.05517578125,0.1640625,0.90673828125
1183272826,-0.05615234375,0.16064453125,0.90283203125
1183272828,-0.0546875,0.1708984375,0.90625
1183272857,-0.05419921875,0.169921875,0.9033203125
1183272886,-0.05078125,0.16845703125,0.900390625
1183272917,-0.0537109375,0.154296875,0.9072265625
1183272920,-0.0498046875,0.162109375,0.90673828125
1183272946,-0.04931640625,0.166015625,0.90185546875
1183272948,-0.05322265625,0.16845703125,0.90576171875
1183272975,-0.048828125,0.15869140625,0.90625
1183273005,-0.05615234375,0.1650390625,0.90771484375
1183273006,-0.05810546875,0.1591796875,0.9052734375
1183273035,-0.05712890625,0.16357421875,0.9013671875
1183273065,-0.06298828125,0.16845703125,0.90283203125
1183273065,-0.056640625,0.15673828125,0.90869140625
1183273095,-0.0517578125,0.1611328125,0.90576171875
1183273125,-0.05810546875,0.16552734375,0.904296875
1183273126,-0.056640625,0.15869140625,0.90869140625
1183273156,-0.056640625,0.162109375,0.9150390625
1183273187,-0.05517578125,0.16796875,0.90771484375
1183273188,-0.05810546875,0.16552734375,0.904296875
1183273216,-0.0615234375,0.1611328125,0.90087890625
1183273246,-0.06201171875,0.1708984375,0.90673828125
1183273248,-0.06201171875,0.16552734375,0.90625
1183273278,-0.06103515625,0.17626953125,0.90380859375
1183273307,-0.05810546875,0.173828125,0.90625
1183273307,-0.056640625,0.17138671875,0.9033203125
1183273337,-0.05859375,0.16943359375,0.89892578125
1183273367,-0.06201171875,0.16845703125,0.90478515625
1183273367,-0.05712890625,0.1669921875,0.9052734375
1183273396,-0.05908203125,0.1630859375,0.89990234375
1183273427,-0.0615234375,0.1591796875,0.900390625
1183273428,-0.0595703125,0.162109375,0.91015625
1183273457,-0.06201171875,0.1748046875,0.9052734375
1183273487,-0.068359375,0.154296875,0.90380859375
1183273488,-0.06298828125,0.15673828125,0.9072265625
1183273518,-0.0634765625,0.1640625,0.9091796875
1183273546,-0.05712890625,0.1591796875,0.90625
1183273550,-0.0546875,0.14697265625,0.91064453125
1183273577,-0.05517578125,0.1572265625,0.90478515625
1183273608,-0.06201171875,0.15283203125,0.9091796875
1183273610,-0.05810546875,0.15771484375,0.90380859375
1183273637,-0.05517578125,0.166015625,0.90234375
1183273699,-0.05615234375,0.1611328125,0.89794921875
1183273699,-0.05517578125,0.16015625,0.91064453125
1183273699,-0.05126953125,0.166015625,0.91357421875
1183273727,-0.05517578125,0.1708984375,0.90234375
1183273727,-0.0576171875,0.171875,0.90771484375
1183273757,-0.04931640625,0.17626953125,0.904296875
1183273786,-0.04736328125,0.16162109375,0.8974609375
1183273787,-0.05322265625,0.15771484375,0.9072265625
1183273817,-0.05322265625,0.162109375,0.90576171875
1183273818,-0.0576171875,0.173828125,0.900390625
1183273847,-0.05908203125,0.1611328125,0.90771484375
1183273877,-0.0537109375,0.1640625,0.90478515625
1183273878,-0.0576171875,0.1689453125,0.90234375
1183273906,-0.0615234375,0.1669921875,0.90087890625
1183273940,-0.06201171875,0.162109375,0.9072265625
1183273940,-0.0693359375,0.16650390625,0.904296875
1183273967,-0.06884765625,0.1689453125,0.90869140625
1183273997,-0.056640625,0.1669921875,0.90380859375
1183273997,-0.0673828125,0.16650390625,0.90478515625
1183274027,-0.06591796875,0.15283203125,0.90478515625
1183274057,-0.06494140625,0.15283203125,0.90234375
1183274058,-0.07080078125,0.15478515625,0.9052734375
1183274087,-0.06884765625,0.15283203125,0.90869140625
1183274117,-0.068359375,0.15576171875,0.9033203125
1183274117,-0.06787109375,0.14990234375,0.8974609375
1183274147,-0.0712890625,0.15185546875,0.90380859375
1183274175,-0.0673828125,0.158203125,0.9052734375
1183274175,-0.07080078125,0.15478515625,0.90576171875
1183274206,-0.07275390625,0.14990234375,0.90380859375
1183274237,-0.07470703125,0.14892578125,0.89990234375
1183274237,-0.07080078125,0.15234375,0.90087890625
1183274266,-0.06689453125,0.158203125,0.9130859375
1183274296,-0.068359375,0.15869140625,0.9052734375
1183274297,-0.06494140625,0.15625,0.8984375
1183274327,-0.064453125,0.158203125,0.9033203125
1183274357,-0.06396484375,0.15966796875,0.90380859375
1183274358,-0.0654296875,0.1552734375,0.91259765625
1183274387,-0.06298828125,0.162109375,0.9013671875
1183274417,-0.0615234375,0.16748046875,0.9013671875
1183274417,-0.060546875,0.16796875,0.8984375
1183274448,-0.0576171875,0.16845703125,0.90234375
1183274448,-0.0537109375,0.171875,0.90185546875
1183274477,-0.0517578125,0.1689453125,0.90185546875
1183274507,-0.0537109375,0.17578125,0.900390625
1183274508,-0.0498046875,0.18505859375,0.90673828125
1183274537,-0.0556640625,0.17578125,0.9013671875
1183274570,-0.0546875,0.177734375,0.904296875
1183274572,-0.0517578125,0.17529296875,0.896484375
1183274596,-0.0537109375,0.1689453125,0.89990234375
1183274625,-0.05908203125,0.17529296875,0.90380859375
1183274626,-0.05810546875,0.16748046875,0.90966796875
1183274657,-0.05712890625,0.16943359375,0.90673828125
1183274688,-0.0537109375,0.166015625,0.89990234375
1183274688,-0.0537109375,0.171875,0.9033203125
1183274717,-0.05224609375,0.17138671875,0.90625
1183274747,-0.056640625,0.16552734375,0.90966796875
1183274748,-0.05517578125,0.16748046875,0.9111328125
1183274806,-0.05810546875,0.17041015625,0.89892578125
1183274807,-0.0556640625,0.17626953125,0.9033203125
1183274807,-0.05517578125,0.17431640625,0.90771484375
1183274836,-0.0537109375,0.1591796875,0.90478515625
1183274867,-0.0546875,0.1640625,0.90966796875
1183274868,-0.04638671875,0.173828125,0.90283203125
1183274897,-0.048828125,0.1748046875,0.9033203125
1183274927,-0.04931640625,0.1748046875,0.90087890625
1183274928,-0.05322265625,0.17041015625,0.9033203125
1183274957,-0.0556640625,0.177734375,0.90625
1183274987,-0.05712890625,0.18310546875,0.8974609375
1183274988,-0.0478515625,0.177734375,0.90234375
1183275016,-0.05029296875,0.17578125,0.8994140625
1183275047,-0.04833984375,0.17626953125,0.90283203125
1183275048,-0.05322265625,0.1826171875,0.908203125
1183275077,-0.05615234375,0.1826171875,0.9072265625
1183275110,-0.05322265625,0.177734375,0.9013671875
1183275110,-0.0478515625,0.18212890625,0.9072265625
1183275135,-0.0458984375,0.17919921875,0.90625
1183275165,-0.04833984375,0.177734375,0.90380859375
1183275166,-0.04736328125,0.17333984375,0.908203125
1183275197,-0.0546875,0.18408203125,0.90673828125
1183275227,-0.0498046875,0.18359375,0.89990234375
1183275228,-0.0517578125,0.17919921875,0.90234375
1183275257,-0.05224609375,0.17822265625,0.90625
1183275287,-0.0498046875,0.18017578125,0.90234375
1183275288,-0.048828125,0.177734375,0.90576171875
1183275316,-0.0478515625,0.1748046875,0.90478515625
1183275346,-0.05322265625,0.1796875,0.90283203125
1183275347,-0.05029296875,0.17626953125,0.90478515625
1183275375,-0.0478515625,0.1748046875,0.8984375
1183275437,-0.05419921875,0.18212890625,0.90380859375
1183275437,-0.0546875,0.1767578125,0.908203125
1183275437,-0.05078125,0.17822265625,0.900390625
1183275465,-0.048828125,0.1806640625,0.8994140625
1183275465,-0.05126953125,0.18212890625,0.90478515625
1183275498,-0.05615234375,0.17626953125,0.8974609375
1183275529,-0.06298828125,0.1796875,0.9091796875
1183275530,-0.06005859375,0.18212890625,0.9013671875
1183275556,-0.060546875,0.18115234375,0.90283203125
1183275586,-0.06201171875,0.17529296875,0.91259765625
1183275586,-0.06494140625,0.17822265625,0.90966796875
1183275623,-0.05908203125,0.177734375,0.9013671875
1183275647,-0.05810546875,0.177734375,0.90380859375
1183275647,-0.0625,0.17529296875,0.90478515625
1183275707,-0.060546875,0.17529296875,0.9013671875
1183275709,-0.064453125,0.17333984375,0.89794921875
1183275710,-0.06201171875,0.17333984375,0.90234375
1183275738,-0.06201171875,0.1708984375,0.90283203125
1183275767,-0.05810546875,0.1708984375,0.90380859375
1183275767,-0.05615234375,0.169921875,0.8994140625
1183275797,-0.05126953125,0.17333984375,0.90673828125
1183275826,-0.0478515625,0.17626953125,0.90234375
1183275828,-0.0537109375,0.1796875,0.90087890625
1183275856,-0.064453125,0.17529296875,0.90771484375
1183275886,-0.06884765625,0.1689453125,0.90576171875
1183275888,-0.06640625,0.17138671875,0.9072265625
1183275917,-0.0673828125,0.17578125,0.89990234375
1183275948,-0.06640625,0.16162109375,0.90625
1183275948,-0.0673828125,0.16796875,0.90576171875
1183275977,-0.0703125,0.16943359375,0.90478515625
1183276007,-0.06201171875,0.16259765625,0.9052734375
1183276007,-0.06396484375,0.16650390625,0.91064453125
1183276037,-0.06591796875,0.1650390625,0.90380859375
1183276067,-0.064453125,0.1591796875,0.8984375
1183276067,-0.0673828125,0.16064453125,0.9052734375
1183276097,-0.06640625,0.16064453125,0.9072265625
1183276131,-0.06640625,0.16015625,0.89404296875
1183276132,-0.0712890625,0.16064453125,0.896484375
1183276156,-0.0703125,0.154296875,0.904296875
1183276190,-0.07080078125,0.16357421875,0.90869140625
1183276190,-0.076171875,0.15478515625,0.90234375
1183276216,-0.07470703125,0.15771484375,0.9091796875
1183276245,-0.072265625,0.1650390625,0.90625
1183276245,-0.076171875,0.1650390625,0.900390625
1183276277,-0.07763671875,0.166015625,0.904296875
1183276307,-0.07763671875,0.1689453125,0.904296875
1183276308,-0.076171875,0.16455078125,0.9111328125
1183276337,-0.072265625,0.1650390625,0.90673828125
1183276399,-0.07177734375,0.16259765625,0.900390625
1183276400,-0.0751953125,0.154296875,0.90478515625
1183276400,-0.0751953125,0.1669921875,0.90380859375
1183276427,-0.07080078125,0.162109375,0.9130859375
1183276457,-0.07177734375,0.158203125,0.89892578125
1183276458,-0.07666015625,0.1611328125,0.90869140625
1183276487,-0.07470703125,0.16162109375,0.89794921875
1183276518,-0.07568359375,0.158203125,0.89892578125
1183276519,-0.07373046875,0.15478515625,0.8994140625
1183276549,-0.07568359375,0.14892578125,0.9033203125
1183276578,-0.07763671875,0.1513671875,0.90673828125
1183276578,-0.08203125,0.15625,0.900390625
1183276606,-0.0859375,0.154296875,0.89306640625
1183276644,-0.0791015625,0.1552734375,0.9033203125
1183276648,-0.08349609375,0.1484375,0.90966796875
1183276666,-0.0810546875,0.14501953125,0.90966796875
1183276698,-0.08203125,0.1474609375,0.8984375
1183276698,-0.08203125,0.14990234375,0.90283203125
1183276727,-0.080078125,0.1494140625,0.89990234375
1183276758,-0.080078125,0.15478515625,0.90576171875
1183276758,-0.083984375,0.154296875,0.904296875
1183276822,-0.08251953125,0.15234375,0.90966796875
1183276822,-0.07421875,0.154296875,0.91015625
1183276823,-0.07666015625,0.15478515625,0.90576171875
1183276848,-0.08056640625,0.15673828125,0.90283203125
1183276877,-0.076171875,0.162109375,0.9052734375
1183276877,-0.08154296875,0.1572265625,0.9033203125
1183276906,-0.0791015625,0.1513671875,0.90576171875
1183276937,-0.08154296875,0.15673828125,0.9052734375
1183276937,-0.0751953125,0.1591796875,0.904296875
1183276966,-0.0703125,0.15625,0.90771484375
1183276997,-0.0712890625,0.15185546875,0.91064453125
1183276997,-0.06787109375,0.15185546875,0.9033203125
1183277026,-0.0693359375,0.158203125,0.90380859375
1183277057,-0.07421875,0.15625,0.9072265625
1183277058,-0.0732421875,0.15234375,0.91064453125
1183277087,-0.07373046875,0.15478515625,0.904296875
1183277117,-0.06640625,0.1591796875,0.89794921875
1183277117,-0.06591796875,0.15478515625,0.90283203125
1183277147,-0.06298828125,0.15478515625,0.90625
1183277177,-0.0634765625,0.162109375,0.90673828125
1183277178,-0.0615234375,0.166015625,0.90625
1183277206,-0.06005859375,0.15771484375,0.90625
1183277237,-0.06396484375,0.17041015625,0.9052734375
1183277237,-0.06396484375,0.16455078125,0.89501953125
1183277266,-0.0673828125,0.16552734375,0.908203125
1183277298,-0.068359375,0.16552734375,0.90869140625
1183277299,-0.056640625,0.16455078125,0.90966796875
1183277327,-0.06201171875,0.16455078125,0.912109375
1183277357,-0.06689453125,0.162109375,0.912109375
1183277361,-0.06689453125,0.16064453125,0.91162109375
1183277385,-0.068359375,0.166015625,0.9091796875
1183277416,-0.0673828125,0.15869140625,0.9111328125
1183277417,-0.0625,0.16455078125,0.91015625
1183277447,-0.0615234375,0.16162109375,0.9111328125
1183277476,-0.05859375,0.15869140625,0.912109375
1183277477,-0.05859375,0.15966796875,0.89599609375
1183277507,-0.0595703125,0.16552734375,0.9052734375
1183277538,-0.06396484375,0.17333984375,0.908203125
1183277539,-0.05810546875,0.16748046875,0.9013671875
1183277567,-0.05615234375,0.1669921875,0.904296875
1183277596,-0.0537109375,0.17041015625,0.9033203125
1183277598,-0.05419921875,0.16943359375,0.900390625
1183277630,-0.060546875,0.16748046875,0.9013671875
1183277657,-0.064453125,0.171875,0.90625
1183277658,-0.06201171875,0.16357421875,0.900390625
1183277687,-0.06396484375,0.17138671875,0.90234375
1183277716,-0.064453125,0.16748046875,0.9091796875
1183277720,-0.0634765625,0.171875,0.916015625
1183277747,-0.06103515625,0.16943359375,0.9052734375
1183277808,-0.05908203125,0.16455078125,0.91357421875
1183277808,-0.0625,0.1689453125,0.904296875
1183277809,-0.0634765625,0.1708984375,0.91162109375
1183277836,-0.06396484375,0.171875,0.9013671875
1183277837,-0.06494140625,0.17236328125,0.9013671875
1183277867,-0.06103515625,0.171875,0.908203125
1183277899,-0.06689453125,0.173828125,0.89208984375
1183277899,-0.06591796875,0.17041015625,0.90185546875
1183277927,-0.0654296875,0.16162109375,0.89599609375
1183277957,-0.0634765625,0.16162109375,0.8974609375
1183277957,-0.0625,0.1640625,0.8984375
1183277986,-0.06201171875,0.1669921875,0.90185546875
1183278017,-0.05859375,0.169921875,0.89892578125
1183278017,-0.06640625,0.16796875,0.90185546875
1183278047,-0.0673828125,0.1689453125,0.90869140625
1183278076,-0.06787109375,0.1748046875,0.9033203125
1183278079,-0.06982421875,0.17724609375,0.90771484375
1183278107,-0.06884765625,0.16796875,0.90771484375
1183278138,-0.06787109375,0.166015625,0.91015625
1183278139,-0.0673828125,0.1689453125,0.9052734375
1183278167,-0.06689453125,0.171875,0.9052734375
1183278198,-0.0673828125,0.1748046875,0.90576171875
1183278199,-0.06689453125,0.17431640625,0.89794921875
1183278228,-0.072265625,0.1689453125,0.9013671875
1183278256,-0.0732421875,0.1640625,0.90087890625
1183278256,-0.0732421875,0.1640625,0.90087890625
1183278285,-0.0732421875,0.1630859375,0.90380859375
1183278316,-0.06787109375,0.15869140625,0.90380859375
1183278317,-0.068359375,0.1611328125,0.8994140625
1183278346,-0.07177734375,0.1640625,0.90625
1183278377,-0.0732421875,0.1611328125,0.9091796875
1183278378,-0.07080078125,0.1689453125,0.9013671875
1183278407,-0.07080078125,0.1689453125,0.9111328125
1183278437,-0.06640625,0.1669921875,0.91015625
1183278438,-0.06298828125,0.17041015625,0.9033203125
1183278467,-0.0712890625,0.1708984375,0.90966796875
1183278496,-0.072265625,0.1640625,0.912109375
1183278498,-0.0751953125,0.1689453125,0.9033203125
1183278526,-0.06689453125,0.16845703125,0.9052734375
1183278557,-0.0673828125,0.17333984375,0.900390625
1183278558,-0.0673828125,0.16552734375,0.9111328125
1183278587,-0.0693359375,0.16357421875,0.90673828125
1183278616,-0.0712890625,0.16796875,0.9052734375
1183278618,-0.068359375,0.16650390625,0.90380859375
1183278647,-0.07373046875,0.1650390625,0.8984375
1183278677,-0.07568359375,0.16796875,0.90771484375
1183278677,-0.0751953125,0.166015625,0.90478515625
1183278708,-0.07275390625,0.1640625,0.9052734375
1183278739,-0.06982421875,0.16259765625,0.90771484375
1183278740,-0.068359375,0.1630859375,0.8994140625
1183278767,-0.07275390625,0.16650390625,0.9033203125
1183278796,-0.07275390625,0.16650390625,0.908203125
1183278796,-0.07666015625,0.1669921875,0.896484375
1183278825,-0.0751953125,0.1669921875,0.89794921875
1183278857,-0.0703125,0.17236328125,0.8994140625
1183278859,-0.072265625,0.16845703125,0.904296875
1183278887,-0.07421875,0.16650390625,0.90283203125
1183278918,-0.07568359375,0.17138671875,0.90087890625
1183278921,-0.076171875,0.1728515625,0.90087890625
1183278948,-0.06787109375,0.16748046875,0.89990234375
1183278978,-0.07080078125,0.1669921875,0.89697265625
1183278978,-0.07421875,0.16796875,0.90625
1183279006,-0.076171875,0.17236328125,0.90380859375
1183279036,-0.07373046875,0.169921875,0.8984375
1183279038,-0.07373046875,0.1689453125,0.8974609375
1183279066,-0.072265625,0.1728515625,0.90234375
1183279068,-0.07177734375,0.1689453125,0.90576171875
1183279098,-0.072265625,0.16845703125,0.908203125
1183279126,-0.06982421875,0.169921875,0.9072265625
1183279128,-0.0751953125,0.1689453125,0.90576171875
1183279157,-0.07568359375,0.1630859375,0.9072265625
1183279187,-0.0732421875,0.171875,0.90283203125
1183279188,-0.07373046875,0.16552734375,0.90234375
1183279217,-0.07177734375,0.17041015625,0.90673828125
1183279247,-0.06884765625,0.169921875,0.90283203125
1183279247,-0.068359375,0.1689453125,0.9033203125
1183279277,-0.07080078125,0.1708984375,0.90234375
1183279309,-0.06884765625,0.1767578125,0.90234375
1183279310,-0.0703125,0.16845703125,0.90771484375
1183279336,-0.072265625,0.16796875,0.90478515625
1183279366,-0.072265625,0.1728515625,0.90185546875
1183279368,-0.07080078125,0.16650390625,0.90771484375
1183279396,-0.06787109375,0.16845703125,0.8984375
1183279427,-0.07373046875,0.17333984375,0.90478515625
1183279427,-0.07080078125,0.17236328125,0.9013671875
1183279458,-0.0712890625,0.171875,0.904296875
1183279487,-0.07177734375,0.1689453125,0.89990234375
1183279487,-0.072265625,0.17138671875,0.90185546875
1183279515,-0.07568359375,0.16943359375,0.8955078125
1183279546,-0.0712890625,0.171875,0.90185546875
1183279546,-0.0732421875,0.1728515625,0.9052734375
1183279577,-0.07080078125,0.1708984375,0.90380859375
1183279607,-0.072265625,0.16748046875,0.9072265625
1183279608,-0.0703125,0.171875,0.904296875
1183279637,-0.06494140625,0.1728515625,0.90380859375
1183279667,-0.068359375,0.16943359375,0.90380859375
1183279667,-0.0673828125,0.17333984375,0.89794921875
1183279697,-0.06591796875,0.1748046875,0.89306640625
1183279727,-0.06689453125,0.1689453125,0.89794921875
1183279728,-0.0673828125,0.169921875,0.90478515625
1183279757,-0.0625,0.17724609375,0.89599609375
1183279787,-0.0615234375,0.171875,0.8974609375
1183279787,-0.064453125,0.173828125,0.90087890625
1183279819,-0.0673828125,0.17626953125,0.89794921875
1183279847,-0.06494140625,0.17724609375,0.90234375
1183279847,-0.072265625,0.17138671875,0.91259765625
1183279876,-0.07421875,0.17724609375,0.90625
1183279906,-0.0625,0.17626953125,0.90283203125
1183279908,-0.06787109375,0.1796875,0.912109375
1183279936,-0.06982421875,0.17822265625,0.9111328125
1183279967,-0.07275390625,0.1728515625,0.91357421875
1183279968,-0.07568359375,0.1767578125,0.90673828125
1183280001,-0.07421875,0.16845703125,0.90771484375
1183280026,-0.07421875,0.1669921875,0.90869140625
1183280027,-0.0703125,0.16650390625,0.900390625
1183280056,-0.06884765625,0.1630859375,0.90673828125
1183280087,-0.0712890625,0.1552734375,0.90185546875
1183280087,-0.068359375,0.16650390625,0.90234375
1183280117,-0.07080078125,0.158203125,0.9033203125
1183280148,-0.0703125,0.16455078125,0.91259765625
1183280148,-0.0654296875,0.15966796875,0.9052734375
1183280177,-0.0693359375,0.16259765625,0.89892578125
1183280207,-0.076171875,0.1728515625,0.8984375
1183280208,-0.0830078125,0.16748046875,0.90771484375
1183280237,-0.08447265625,0.1669921875,0.90869140625
1183280266,-0.08056640625,0.1650390625,0.91064453125
1183280267,-0.07568359375,0.16650390625,0.90869140625
1183280296,-0.07861328125,0.16162109375,0.90673828125
1183280327,-0.0859375,0.16064453125,0.9072265625
1183280328,-0.0791015625,0.15673828125,0.90478515625
1183280357,-0.0771484375,0.15869140625,0.908203125
1183280387,-0.072265625,0.15625,0.908203125
1183280387,-0.072265625,0.15869140625,0.91015625
1183280416,-0.068359375,0.16357421875,0.900390625
1183280479,-0.07470703125,0.1640625,0.90185546875
1183280479,-0.06591796875,0.162109375,0.90185546875
1183280480,-0.06787109375,0.17724609375,0.89599609375
1183280506,-0.0712890625,0.17138671875,0.89697265625
1183280508,-0.07080078125,0.16748046875,0.8994140625
1183280537,-0.0703125,0.17578125,0.8916015625
1183280566,-0.0712890625,0.169921875,0.8974609375
1183280567,-0.072265625,0.16552734375,0.8994140625
1183280597,-0.07763671875,0.1669921875,0.89306640625
1183280628,-0.078125,0.16455078125,0.8994140625
1183280630,-0.07958984375,0.1630859375,0.8984375
1183280656,-0.08349609375,0.1669921875,0.89892578125
1183280688,-0.0751953125,0.1630859375,0.90185546875
1183280688,-0.0810546875,0.169921875,0.9052734375
1183280717,-0.08154296875,0.1591796875,0.90673828125
1183280778,-0.08447265625,0.1572265625,0.90869140625
1183280778,-0.0810546875,0.16845703125,0.89892578125
1183280779,-0.07763671875,0.162109375,0.90966796875
1183280807,-0.08154296875,0.158203125,0.9033203125
1183280807,-0.0751953125,0.1572265625,0.904296875
1183280837,-0.0732421875,0.15869140625,0.9052734375
1183280868,-0.06982421875,0.15771484375,0.9033203125
1183280869,-0.0712890625,0.16259765625,0.89990234375
1183280897,-0.0673828125,0.16357421875,0.89892578125
1183280927,-0.06982421875,0.16552734375,0.892578125
1183280928,-0.064453125,0.16162109375,0.8994140625
1183280957,-0.0654296875,0.16015625,0.90478515625
1183280986,-0.06787109375,0.16748046875,0.8994140625
1183280990,-0.07470703125,0.17431640625,0.90185546875
1183281016,-0.06591796875,0.17431640625,0.8974609375
1183281047,-0.06494140625,0.1650390625,0.90625
1183281047,-0.0625,0.16064453125,0.908203125
1183281077,-0.060546875,0.1669921875,0.90869140625
1183281105,-0.0654296875,0.17626953125,0.9052734375
1183281105,-0.0703125,0.1787109375,0.90771484375
1183281136,-0.07080078125,0.17578125,0.90966796875
1183281167,-0.0751953125,0.18212890625,0.90625
1183281168,-0.07080078125,0.17919921875,0.90380859375
1183281197,-0.0751953125,0.171875,0.9091796875
1183281228,-0.0703125,0.16259765625,0.91064453125
1183281228,-0.07373046875,0.16015625,0.90771484375
1183281257,-0.06640625,0.162109375,0.916015625
1183281287,-0.06298828125,0.162109375,0.90966796875
1183281288,-0.0595703125,0.16943359375,0.90771484375
1183281317,-0.0634765625,0.17822265625,0.908203125
1183281347,-0.06689453125,0.177734375,0.90966796875
1183281348,-0.068359375,0.173828125,0.9072265625
1183281376,-0.0693359375,0.1787109375,0.900390625
1183281409,-0.06494140625,0.17431640625,0.9013671875
1183281410,-0.064453125,0.17236328125,0.90478515625
1183281435,-0.060546875,0.17724609375,0.89501953125
1183281466,-0.0625,0.16748046875,0.90869140625
1183281497,-0.06103515625,0.16650390625,0.89990234375
1183281497,-0.0625,0.173828125,0.8974609375
1183281527,-0.06005859375,0.17333984375,0.89990234375
1183281527,-0.05908203125,0.1767578125,0.896484375
1183281557,-0.0625,0.1865234375,0.90234375
1183281587,-0.0615234375,0.18408203125,0.9072265625
1183281588,-0.06640625,0.17529296875,0.90771484375
1183281617,-0.0615234375,0.18603515625,0.9033203125
1183281646,-0.05419921875,0.18310546875,0.90234375
1183281647,-0.05859375,0.18212890625,0.90234375
1183281676,-0.0576171875,0.177734375,0.90576171875
1183281707,-0.06298828125,0.17529296875,0.91259765625
1183281709,-0.0634765625,0.1826171875,0.9072265625
1183281738,-0.0576171875,0.185546875,0.8994140625
1183281766,-0.056640625,0.1787109375,0.89794921875
1183281768,-0.0615234375,0.17236328125,0.90869140625
1183281797,-0.06298828125,0.17431640625,0.90673828125
1183281827,-0.06298828125,0.17236328125,0.90625
1183281827,-0.07080078125,0.1806640625,0.90283203125
1183281857,-0.0634765625,0.1767578125,0.904296875
1183281887,-0.06884765625,0.17529296875,0.908203125
1183281888,-0.0654296875,0.16845703125,0.90771484375
1183281917,-0.0673828125,0.171875,0.9033203125
1183281949,-0.06689453125,0.173828125,0.90673828125
1183281949,-0.06689453125,0.173828125,0.90673828125
1183281976,-0.06982421875,0.1689453125,0.9013671875
1183282006,-0.06640625,0.177734375,0.89794921875
1183282007,-0.0703125,0.1669921875,0.900390625
1183282038,-0.07470703125,0.16748046875,0.90673828125
1183282066,-0.0712890625,0.1650390625,0.90380859375
1183282097,-0.07177734375,0.16748046875,0.90283203125
1183282098,-0.07470703125,0.1708984375,0.90966796875
1183282127,-0.07275390625,0.169921875,0.89501953125
1183282128,-0.0693359375,0.1640625,0.8955078125
1183282156,-0.07421875,0.1572265625,0.89794921875
1183282187,-0.0732421875,0.15966796875,0.90625
1183282188,-0.076171875,0.15576171875,0.89892578125
1183282217,-0.07763671875,0.15673828125,0.90087890625
1183282247,-0.078125,0.15771484375,0.90380859375
1183282247,-0.07958984375,0.16259765625,0.8984375
1183282277,-0.07470703125,0.16064453125,0.89501953125
1183282307,-0.083984375,0.15673828125,0.904296875
1183282307,-0.08447265625,0.15185546875,0.89892578125
1183282336,-0.0791015625,0.16357421875,0.89794921875
1183282367,-0.07763671875,0.166015625,0.89794921875
1183282367,-0.080078125,0.16455078125,0.8994140625
1183282397,-0.0859375,0.1630859375,0.90234375
1183282427,-0.08203125,0.16259765625,0.89990234375
1183282427,-0.0859375,0.16357421875,0.9013671875
1183282457,-0.0830078125,0.154296875,0.90234375
1183282487,-0.0849609375,0.15478515625,0.90234375
1183282487,-0.08203125,0.15478515625,0.9013671875
1183282516,-0.08642578125,0.1494140625,0.90234375
1183282546,-0.08251953125,0.15087890625,0.90771484375
1183282548,-0.08251953125,0.14990234375,0.90869140625
1183282576,-0.08154296875,0.15869140625,0.908203125
1183282607,-0.08203125,0.15185546875,0.90478515625
1183282607,-0.0869140625,0.1630859375,0.90576171875
1183282637,-0.0849609375,0.1552734375,0.9033203125
1183282666,-0.0869140625,0.15673828125,0.9013671875
1183282668,-0.08447265625,0.158203125,0.9140625
1183282698,-0.08154296875,0.1669921875,0.90625
1183282728,-0.07861328125,0.15966796875,0.90966796875
1183282728,-0.07861328125,0.15966796875,0.90966796875
1183282757,-0.080078125,0.1513671875,0.91259765625
1183282787,-0.078125,0.16162109375,0.91015625
1183282788,-0.07763671875,0.1630859375,0.9072265625
1183282817,-0.07275390625,0.15576171875,0.90478515625
1183282847,-0.07763671875,0.16357421875,0.904296875
1183282847,-0.07861328125,0.16455078125,0.900390625
1183282877,-0.0791015625,0.1611328125,0.90234375
1183282940,-0.0810546875,0.162109375,0.90087890625
1183282941,-0.07470703125,0.1640625,0.8984375
1183282941,-0.0712890625,0.15771484375,0.896484375
1183282965,-0.07666015625,0.15869140625,0.90478515625
1183282966,-0.0712890625,0.15966796875,0.90478515625
1183282996,-0.07421875,0.16455078125,0.8994140625
1183283026,-0.07763671875,0.166015625,0.900390625
1183283027,-0.07666015625,0.16552734375,0.896484375
1183283057,-0.0810546875,0.16943359375,0.896484375
1183283088,-0.07470703125,0.169921875,0.904296875
1183283088,-0.07177734375,0.16796875,0.90869140625
1183283117,-0.07421875,0.1689453125,0.904296875
1183283147,-0.06689453125,0.16943359375,0.91064453125
1183283147,-0.06689453125,0.17236328125,0.900390625
1183283175,-0.07177734375,0.1806640625,0.89892578125
1183283207,-0.0771484375,0.17236328125,0.9033203125
1183283208,-0.08056640625,0.16650390625,0.90478515625
1183283237,-0.06982421875,0.16748046875,0.91064453125
1183283267,-0.06884765625,0.17724609375,0.90234375
1183283269,-0.06640625,0.177734375,0.91259765625
1183283297,-0.07080078125,0.1748046875,0.908203125
1183283327,-0.0712890625,0.17626953125,0.90478515625
1183283328,-0.0673828125,0.1748046875,0.91015625
1183283357,-0.06640625,0.18310546875,0.89892578125
1183283387,-0.0673828125,0.1806640625,0.90283203125
1183283387,-0.072265625,0.1728515625,0.89892578125
1183283417,-0.0712890625,0.171875,0.8994140625
1183283447,-0.07421875,0.1689453125,0.896484375
1183283447,-0.07275390625,0.17236328125,0.90087890625
1183283477,-0.068359375,0.1708984375,0.9052734375
1183283507,-0.0732421875,0.16845703125,0.908203125
1183283511,-0.0751953125,0.17041015625,0.90234375
1183283537,-0.07177734375,0.17041015625,0.90380859375
1183283568,-0.07177734375,0.17529296875,0.90576171875
1183283568,-0.0771484375,0.17529296875,0.90234375
1183283597,-0.07861328125,0.18212890625,0.90625
1183283627,-0.0771484375,0.17724609375,0.9033203125
1183283628,-0.07861328125,0.1796875,0.90673828125
1183283657,-0.07568359375,0.17626953125,0.90478515625
1183283687,-0.08203125,0.1767578125,0.90087890625
1183283688,-0.08056640625,0.17041015625,0.89501953125
1183283717,-0.08203125,0.16650390625,0.90380859375
1183283747,-0.0771484375,0.1689453125,0.90234375
1183283747,-0.072265625,0.1689453125,0.8955078125
1183283809,-0.07470703125,0.17919921875,0.900390625
1183283809,-0.0771484375,0.16845703125,0.89306640625
1183283809,-0.0810546875,0.171875,0.90087890625
1183283837,-0.08056640625,0.1650390625,0.9013671875
1183283869,-0.080078125,0.16748046875,0.89892578125
1183283869,-0.078125,0.1728515625,0.892578125
1183283897,-0.080078125,0.177734375,0.89599609375
1183283927,-0.08056640625,0.16796875,0.89794921875
1183283928,-0.08447265625,0.16357421875,0.8974609375
1183283957,-0.0849609375,0.1689453125,0.89892578125
1183283985,-0.0830078125,0.1689453125,0.90087890625
1183284051,-0.083984375,0.169921875,0.90185546875
1183284052,-0.08984375,0.1630859375,0.8984375
1183284052,-0.08984375,0.1630859375,0.8984375
1183284076,-0.08349609375,0.16357421875,0.9013671875
1183284076,-0.0908203125,0.16748046875,0.9052734375
1183284108,-0.09033203125,0.1650390625,0.90185546875
1183284136,-0.08984375,0.16357421875,0.90283203125
1183284138,-0.0888671875,0.15576171875,0.89599609375
1183284168,-0.09326171875,0.1650390625,0.89892578125
1183284198,-0.09521484375,0.1640625,0.89697265625
1183284198,-0.09716796875,0.158203125,0.90478515625
1183284226,-0.09814453125,0.162109375,0.8994140625
1183284257,-0.09423828125,0.16064453125,0.8974609375
1183284257,-0.09375,0.15869140625,0.90576171875
1183284320,-0.09375,0.15283203125,0.90087890625
1183284322,-0.09326171875,0.1572265625,0.90625
1183284323,-0.09130859375,0.158203125,0.90234375
1183284347,-0.095703125,0.1640625,0.90869140625
1183284401,-0.09375,0.1572265625,0.9013671875
1183284401,-0.09130859375,0.1591796875,0.89990234375
1183284406,-0.09130859375,0.1572265625,0.896484375
1183284408,-0.09228515625,0.1591796875,0.90625
1183284437,-0.09130859375,0.16259765625,0.90185546875
1183284439,-0.0947265625,0.166015625,0.9033203125
1183284467,-0.0908203125,0.1708984375,0.90087890625
1183284498,-0.095703125,0.1630859375,0.90625
1183284499,-0.0908203125,0.162109375,0.9111328125
1183284527,-0.08837890625,0.16064453125,0.90185546875
1183284558,-0.08544921875,0.1572265625,0.9013671875
1183284559,-0.0908203125,0.162109375,0.90234375
1183284589,-0.08837890625,0.15966796875,0.8955078125
1183284616,-0.0859375,0.15966796875,0.89892578125
1183284616,-0.08935546875,0.15869140625,0.8994140625
1183284647,-0.08984375,0.162109375,0.90283203125
1183284676,-0.09375,0.1572265625,0.904296875
1183284678,-0.0908203125,0.15625,0.90625
1183284707,-0.08349609375,0.16357421875,0.9072265625
1183284736,-0.083984375,0.16552734375,0.90087890625
1183284736,-0.08740234375,0.1650390625,0.900390625
1183284767,-0.09033203125,0.1630859375,0.904296875
1183284796,-0.083984375,0.16455078125,0.9033203125
1183284798,-0.0869140625,0.16943359375,0.9033203125
1183284827,-0.08642578125,0.16650390625,0.90771484375
1183284857,-0.08642578125,0.16796875,0.90234375
1183284858,-0.0869140625,0.16943359375,0.9140625
1183284886,-0.0869140625,0.16748046875,0.9072265625
1183284918,-0.09033203125,0.16455078125,0.90234375
1183284920,-0.08740234375,0.166015625,0.9033203125
1183284946,-0.0869140625,0.16552734375,0.896484375
1183284975,-0.0849609375,0.16650390625,0.90380859375
1183284976,-0.08203125,0.1611328125,0.89501953125
1183285005,-0.08203125,0.1708984375,0.8984375
1183285036,-0.08447265625,0.1630859375,0.900390625
1183285038,-0.08837890625,0.1689453125,0.89990234375
1183285067,-0.08251953125,0.16552734375,0.90234375
1183285099,-0.08447265625,0.16259765625,0.9052734375
1183285100,-0.07763671875,0.16748046875,0.90625
1183285129,-0.083984375,0.16650390625,0.89794921875
1183285158,-0.08544921875,0.1669921875,0.8974609375
1183285159,-0.08984375,0.16796875,0.896484375
1183285187,-0.09130859375,0.1669921875,0.90625
1183285216,-0.0869140625,0.16650390625,0.90087890625
1183285218,-0.0830078125,0.169921875,0.900390625
1183285247,-0.08251953125,0.17041015625,0.9013671875
1183285279,-0.08984375,0.16357421875,0.90625
1183285279,-0.09033203125,0.16943359375,0.9091796875
1183285337,-0.08935546875,0.169921875,0.90966796875
1183285338,-0.08984375,0.1640625,0.9013671875
1183285338,-0.091796875,0.16455078125,0.90576171875
1183285366,-0.091796875,0.162109375,0.90673828125
1183285397,-0.08837890625,0.16943359375,0.9091796875
1183285399,-0.0859375,0.1650390625,0.90673828125
1183285427,-0.08349609375,0.1669921875,0.9013671875
1183285457,-0.09130859375,0.16748046875,0.90283203125
1183285458,-0.0927734375,0.1640625,0.8984375
1183285486,-0.08642578125,0.16845703125,0.90087890625
1183285517,-0.0859375,0.1640625,0.8984375
1183285517,-0.083984375,0.16357421875,0.892578125
1183285547,-0.0859375,0.1748046875,0.9013671875
1183285576,-0.08251953125,0.1630859375,0.890625
1183285576,-0.08447265625,0.16943359375,0.896484375
1183285606,-0.08740234375,0.16796875,0.8984375
1183285636,-0.08642578125,0.16796875,0.89892578125
1183285638,-0.08642578125,0.16796875,0.8994140625
1183285667,-0.08740234375,0.169921875,0.9013671875
1183285696,-0.09033203125,0.16943359375,0.90673828125
1183285697,-0.083984375,0.17041015625,0.90283203125
1183285728,-0.08984375,0.17431640625,0.90234375
1183285758,-0.08544921875,0.169921875,0.9013671875
1183285758,-0.08984375,0.16845703125,0.90673828125
1183285787,-0.08935546875,0.1708984375,0.91357421875
1183285817,-0.08935546875,0.16943359375,0.9052734375
1183285818,-0.08349609375,0.17138671875,0.90869140625
1183285847,-0.083984375,0.1689453125,0.90478515625
1183285877,-0.08447265625,0.17138671875,0.90234375
1183285877,-0.0810546875,0.16357421875,0.908203125
1183285906,-0.08203125,0.1650390625,0.90380859375
1183285936,-0.08544921875,0.1669921875,0.9013671875
1183285938,-0.08935546875,0.1689453125,0.9033203125
1183285966,-0.08447265625,0.16650390625,0.8984375
1183285996,-0.08349609375,0.16357421875,0.90087890625
1183285997,-0.08203125,0.16455078125,0.89990234375
1183286026,-0.076171875,0.166015625,0.90380859375
1183286057,-0.078125,0.1708984375,0.892578125
1183286058,-0.0830078125,0.1650390625,0.89990234375
1183286087,-0.083984375,0.171875,0.90185546875
1183286117,-0.08544921875,0.173828125,0.904296875
1183286117,-0.08642578125,0.1767578125,0.90234375
1183286148,-0.0810546875,0.17236328125,0.90576171875
1183286182,-0.07958984375,0.17724609375,0.9033203125
1183286183,-0.0830078125,0.1748046875,0.8994140625
1183286240,-0.0830078125,0.16748046875,0.9013671875
1183286241,-0.08349609375,0.171875,0.9072265625
1183286242,-0.08056640625,0.16748046875,0.90185546875
1183286267,-0.07958984375,0.16796875,0.90234375
1183286297,-0.08349609375,0.1708984375,0.89990234375
1183286298,-0.08203125,0.169921875,0.900390625
1183286327,-0.08251953125,0.1650390625,0.90185546875
1183286362,-0.0859375,0.1689453125,0.90234375
1183286362,-0.08837890625,0.1728515625,0.900390625
1183286385,-0.08447265625,0.1728515625,0.8994140625
1183286417,-0.08203125,0.16748046875,0.900390625
1183286417,-0.08056640625,0.1708984375,0.90625
1183286447,-0.08447265625,0.171875,0.9033203125
1183286476,-0.0869140625,0.1669921875,0.89892578125
1183286476,-0.08154296875,0.169921875,0.90380859375
1183286506,-0.08203125,0.17041015625,0.900390625
1183286535,-0.0849609375,0.1748046875,0.9033203125
1183286535,-0.08349609375,0.16357421875,0.9033203125
1183286565,-0.0849609375,0.17236328125,0.89599609375
1183286597,-0.08740234375,0.17578125,0.90478515625
1183286627,-0.08837890625,0.171875,0.90576171875
1183286629,-0.08544921875,0.166015625,0.91015625
1183286658,-0.08349609375,0.1689453125,0.90185546875
1183286659,-0.07958984375,0.17236328125,0.90380859375
1183286687,-0.08544921875,0.16845703125,0.9111328125
1183286716,-0.0830078125,0.17431640625,0.9091796875
1183286716,-0.08544921875,0.17138671875,0.90966796875
1183286746,-0.08740234375,0.16748046875,0.90771484375
1183286777,-0.083984375,0.1689453125,0.91357421875
1183286778,-0.0947265625,0.17333984375,0.90771484375
1183286807,-0.09423828125,0.16845703125,0.8974609375
1183286870,-0.091796875,0.15673828125,0.8984375
1183286870,-0.091796875,0.162109375,0.9013671875
1183286871,-0.0810546875,0.16796875,0.90576171875
1183286896,-0.08447265625,0.1689453125,0.8974609375
1183286897,-0.0830078125,0.16357421875,0.89990234375
1183286927,-0.08447265625,0.16796875,0.8994140625
1183286957,-0.08203125,0.1748046875,0.90185546875
1183286957,-0.07763671875,0.16943359375,0.90478515625
1183286987,-0.07763671875,0.17138671875,0.900390625
1183287017,-0.080078125,0.173828125,0.89501953125
1183287017,-0.08154296875,0.169921875,0.89697265625
1183287048,-0.0830078125,0.16796875,0.89306640625
1183287076,-0.0869140625,0.1787109375,0.89697265625
1183287078,-0.09033203125,0.1748046875,0.896484375
1183287107,-0.08447265625,0.1728515625,0.89990234375
1183287137,-0.08447265625,0.169921875,0.90380859375
1183287137,-0.0927734375,0.16650390625,0.8955078125
1183287167,-0.095703125,0.16259765625,0.89892578125
1183287198,-0.0966796875,0.16357421875,0.89990234375
1183287198,-0.10107421875,0.16064453125,0.90087890625
1183287229,-0.09765625,0.15673828125,0.9013671875
1183287256,-0.09375,0.1484375,0.90234375
1183287256,-0.09375,0.1484375,0.90234375
1183287286,-0.09912109375,0.154296875,0.912109375
1183287317,-0.0947265625,0.15283203125,0.90380859375
1183287318,-0.10205078125,0.1533203125,0.90283203125
1183287348,-0.09716796875,0.15283203125,0.8974609375
1183287377,-0.1005859375,0.15283203125,0.9033203125
1183287377,-0.09375,0.1484375,0.90478515625
1183287407,-0.0947265625,0.1552734375,0.90283203125
1183287437,-0.099609375,0.1572265625,0.90478515625
1183287437,-0.0986328125,0.16064453125,0.8994140625
1183287467,-0.0986328125,0.162109375,0.904296875
1183287529,-0.09326171875,0.16015625,0.90087890625
1183287530,-0.091796875,0.15185546875,0.9169921875
1183287531,-0.08984375,0.162109375,0.90869140625
1183287558,-0.08837890625,0.1640625,0.904296875
1183287588,-0.08349609375,0.1650390625,0.9091796875
1183287588,-0.091796875,0.16015625,0.90869140625
1183287618,-0.09033203125,0.1591796875,0.9052734375
1183287618,-0.09033203125,0.1591796875,0.9052734375
1183287647,-0.0888671875,0.162109375,0.908203125
1183287677,-0.08447265625,0.162109375,0.90185546875
1183287677,-0.08349609375,0.16650390625,0.8974609375
1183287707,-0.0830078125,0.16064453125,0.90771484375
1183287737,-0.0810546875,0.16796875,0.9052734375
1183287737,-0.0849609375,0.16748046875,0.90576171875
1183287767,-0.08935546875,0.16748046875,0.90380859375
1183287797,-0.08642578125,0.16259765625,0.896484375
1183287828,-0.08740234375,0.1708984375,0.90234375
1183287828,-0.08984375,0.166015625,0.896484375
1183287857,-0.083984375,0.1611328125,0.90234375
1183287885,-0.08642578125,0.1591796875,0.9033203125
1183287886,-0.08642578125,0.1650390625,0.8994140625
1183287916,-0.08154296875,0.1640625,0.89599609375
1183287945,-0.087890625,0.1689453125,0.89794921875
1183287945,-0.091796875,0.16943359375,0.9033203125
1183287977,-0.09130859375,0.1689453125,0.90625
1183288005,-0.0947265625,0.181640625,0.90283203125
1183288005,-0.09228515625,0.17236328125,0.9072265625
1183288036,-0.0888671875,0.16845703125,0.90185546875
1183288066,-0.087890625,0.16748046875,0.90576171875
1183288097,-0.09375,0.1669921875,0.89892578125
1183288127,-0.09228515625,0.16162109375,0.8984375
1183288127,-0.09375,0.16259765625,0.90087890625
1183288128,-0.09375,0.16064453125,0.90087890625
1183288174,-0.09619140625,0.16357421875,0.8974609375
1183288185,-0.09423828125,0.16259765625,0.89892578125
1183288186,-0.09130859375,0.1689453125,0.896484375
1183288217,-0.09228515625,0.171875,0.884765625
1183288248,-0.0869140625,0.171875,0.89306640625
1183288248,-0.07958984375,0.17041015625,0.9013671875
1183288279,-0.0869140625,0.18017578125,0.892578125
1183288339,-0.09130859375,0.1748046875,0.8935546875
1183288340,-0.0908203125,0.17724609375,0.90185546875
1183288341,-0.09521484375,0.18701171875,0.8994140625
1183288367,-0.095703125,0.1904296875,0.8974609375
1183288368,-0.09423828125,0.1728515625,0.90380859375
1183288401,-0.08935546875,0.17724609375,0.89697265625
1183288425,-0.0859375,0.17626953125,0.89990234375
1183288426,-0.0869140625,0.1748046875,0.9013671875
1183288456,-0.0869140625,0.17138671875,0.8974609375
1183288485,-0.0849609375,0.17333984375,0.89501953125
1183288485,-0.08447265625,0.16943359375,0.89404296875
1183288516,-0.08447265625,0.16943359375,0.89013671875
1183288546,-0.09375,0.169921875,0.8876953125
1183288548,-0.09521484375,0.169921875,0.900390625
1183288577,-0.0966796875,0.16455078125,0.90380859375
1183288607,-0.09326171875,0.1689453125,0.9033203125
1183288607,-0.09033203125,0.16455078125,0.90576171875
1183288636,-0.0830078125,0.1689453125,0.908203125
1183288667,-0.0830078125,0.16943359375,0.904296875
1183288668,-0.0859375,0.17578125,0.9091796875
1183288697,-0.0859375,0.17626953125,0.908203125
1183288727,-0.08984375,0.185546875,0.904296875
1183288729,-0.091796875,0.18212890625,0.8974609375
1183288757,-0.09228515625,0.1826171875,0.908203125
1183288787,-0.08349609375,0.17529296875,0.9033203125
1183288787,-0.0869140625,0.166015625,0.9033203125
1183288817,-0.0751953125,0.15966796875,0.90478515625
1183288847,-0.07763671875,0.166015625,0.90283203125
1183288847,-0.080078125,0.1669921875,0.8994140625
1183288877,-0.09033203125,0.16650390625,0.8974609375
1183288907,-0.09326171875,0.166015625,0.89794921875
1183288909,-0.095703125,0.16552734375,0.896484375
1183288938,-0.09033203125,0.162109375,0.90625
1183288967,-0.083984375,0.15966796875,0.89599609375
1183288968,-0.08642578125,0.15673828125,0.90185546875
1183288998,-0.08642578125,0.16650390625,0.89306640625
1183289026,-0.08984375,0.1669921875,0.89794921875
1183289028,-0.08740234375,0.15966796875,0.9052734375
1183289057,-0.09521484375,0.162109375,0.9091796875
1183289087,-0.0947265625,0.16845703125,0.90185546875
1183289088,-0.0986328125,0.1787109375,0.89990234375
1183289118,-0.095703125,0.1640625,0.8974609375
1183289146,-0.099609375,0.1572265625,0.90283203125
1183289146,-0.09814453125,0.15185546875,0.89990234375
1183289178,-0.09521484375,0.158203125,0.9111328125
1183289206,-0.09521484375,0.16357421875,0.90380859375
1183289208,-0.08935546875,0.16650390625,0.90576171875
1183289237,-0.0947265625,0.15673828125,0.904296875
1183289266,-0.09228515625,0.15869140625,0.9052734375
1183289267,-0.09814453125,0.16357421875,0.8955078125
1183289297,-0.0966796875,0.15771484375,0.90380859375
1183289326,-0.1025390625,0.150390625,0.9052734375
1183289328,-0.10205078125,0.15087890625,0.90966796875
1183289356,-0.0966796875,0.15478515625,0.904296875
1183289387,-0.0888671875,0.15283203125,0.9033203125
1183289388,-0.09521484375,0.15576171875,0.90625
1183289417,-0.09912109375,0.158203125,0.90771484375
1183289446,-0.09375,0.15234375,0.900390625
1183289448,-0.0947265625,0.16162109375,0.89892578125
1183289476,-0.09326171875,0.16259765625,0.89892578125
1183289507,-0.09033203125,0.162109375,0.91015625
1183289508,-0.091796875,0.15576171875,0.8994140625
1183289537,-0.08642578125,0.1572265625,0.90478515625
1183289567,-0.08203125,0.15234375,0.90576171875
1183289568,-0.0791015625,0.15869140625,0.89990234375
1183289598,-0.0859375,0.16552734375,0.8974609375
1183289627,-0.0908203125,0.17431640625,0.89892578125
1183289627,-0.0908203125,0.1806640625,0.90380859375
1183289657,-0.09228515625,0.1826171875,0.9052734375
1183289687,-0.08447265625,0.1689453125,0.89697265625
1183289687,-0.08251953125,0.17626953125,0.89697265625
1183289717,-0.08935546875,0.16552734375,0.900390625
1183289718,-0.0888671875,0.16015625,0.90087890625
1183289747,-0.095703125,0.1611328125,0.90380859375
1183289777,-0.09423828125,0.1591796875,0.904296875
1183289778,-0.09619140625,0.15576171875,0.9033203125
1183289807,-0.0986328125,0.14990234375,0.90625
1183289837,-0.095703125,0.15576171875,0.9052734375
1183289838,-0.09375,0.1591796875,0.9130859375
1183289866,-0.0927734375,0.16162109375,0.90869140625
1183289896,-0.0927734375,0.1640625,0.900390625
1183289897,-0.09814453125,0.16064453125,0.90625
1183289927,-0.08935546875,0.15771484375,0.9033203125
1183289958,-0.08740234375,0.16455078125,0.900390625
1183289959,-0.0859375,0.1611328125,0.90283203125
1183289987,-0.0888671875,0.1689453125,0.9013671875
1183290016,-0.0849609375,0.1689453125,0.9072265625
1183290017,-0.08740234375,0.1689453125,0.90673828125
1183290046,-0.087890625,0.1748046875,0.904296875
1183290076,-0.08349609375,0.1708984375,0.904296875
1183290078,-0.08251953125,0.169921875,0.89892578125
1183290107,-0.08544921875,0.17822265625,0.8955078125
1183290137,-0.08544921875,0.17236328125,0.9033203125
1183290138,-0.08837890625,0.1708984375,0.90576171875
1183290167,-0.0908203125,0.17041015625,0.90087890625
1183290198,-0.0927734375,0.1728515625,0.8955078125
1183290199,-0.0869140625,0.17529296875,0.900390625
1183290227,-0.0859375,0.1728515625,0.90283203125
1183290258,-0.09130859375,0.16748046875,0.89501953125
1183290260,-0.0859375,0.17138671875,0.90380859375
1183290287,-0.08251953125,0.1708984375,0.8994140625
1183290316,-0.09130859375,0.177734375,0.900390625
1183290319,-0.0927734375,0.16943359375,0.8994140625
1183290376,-0.09521484375,0.16748046875,0.8994140625
1183290376,-0.087890625,0.17041015625,0.90283203125
1183290376,-0.087890625,0.17041015625,0.90283203125
1183290406,-0.0888671875,0.1669921875,0.89306640625
1183290436,-0.09228515625,0.1630859375,0.8994140625
1183290437,-0.09326171875,0.1630859375,0.90234375
1183290467,-0.09716796875,0.17431640625,0.904296875
1183290497,-0.0927734375,0.17431640625,0.90234375
1183290498,-0.08740234375,0.17138671875,0.8974609375
1183290527,-0.09033203125,0.1669921875,0.9013671875
1183290556,-0.09326171875,0.16748046875,0.90771484375
1183290557,-0.09423828125,0.16162109375,0.900390625
1183290585,-0.09130859375,0.16357421875,0.90283203125
1183290617,-0.0888671875,0.17041015625,0.9033203125
1183290618,-0.08984375,0.1640625,0.912109375
1183290647,-0.0927734375,0.15771484375,0.89697265625
1183290677,-0.09814453125,0.16455078125,0.8974609375
1183290677,-0.09716796875,0.1650390625,0.90478515625
1183290707,-0.09716796875,0.15625,0.89599609375
1183290737,-0.0947265625,0.15771484375,0.89990234375
1183290738,-0.09326171875,0.15380859375,0.89404296875
1183290767,-0.0947265625,0.16455078125,0.89892578125
1183290797,-0.09033203125,0.162109375,0.9033203125
1183290798,-0.09521484375,0.15576171875,0.90283203125
1183290827,-0.09423828125,0.15869140625,0.90283203125
1183290857,-0.09814453125,0.15576171875,0.89697265625
1183290859,-0.0947265625,0.15966796875,0.90087890625
1183290888,-0.095703125,0.1552734375,0.8984375
1183290916,-0.09716796875,0.16064453125,0.90234375
1183290918,-0.09521484375,0.15380859375,0.90283203125
1183290946,-0.09228515625,0.15576171875,0.89697265625
1183290976,-0.099609375,0.1591796875,0.90380859375
1183290978,-0.099609375,0.158203125,0.9013671875
1183291007,-0.10302734375,0.15576171875,0.90478515625
1183291037,-0.09814453125,0.15771484375,0.90771484375
1183291037,-0.09716796875,0.15478515625,0.90478515625
1183291066,-0.095703125,0.15087890625,0.90966796875
1183291097,-0.09423828125,0.1552734375,0.9033203125
1183291098,-0.0966796875,0.14599609375,0.9013671875
1183291127,-0.09619140625,0.15087890625,0.90380859375
1183291157,-0.1015625,0.15283203125,0.9052734375
1183291157,-0.0966796875,0.15576171875,0.904296875
1183291187,-0.09423828125,0.15625,0.90087890625
1183291216,-0.0947265625,0.14892578125,0.90771484375
1183291217,-0.0869140625,0.162109375,0.90283203125
1183291247,-0.09326171875,0.1572265625,0.8984375
1183291277,-0.0966796875,0.15869140625,0.90283203125
1183291277,-0.09423828125,0.15673828125,0.904296875
1183291307,-0.09375,0.15869140625,0.904296875
1183291336,-0.09326171875,0.15966796875,0.90087890625
1183291338,-0.095703125,0.16552734375,0.8994140625
1183291367,-0.095703125,0.15478515625,0.9013671875
1183291397,-0.09326171875,0.15625,0.90869140625
1183291398,-0.091796875,0.1494140625,0.90625
1183291427,-0.09814453125,0.16015625,0.89990234375
1183291456,-0.09521484375,0.15771484375,0.90771484375
1183291457,-0.0927734375,0.158203125,0.90234375
1183291487,-0.09326171875,0.158203125,0.9052734375
1183291517,-0.0927734375,0.1552734375,0.90478515625
1183291517,-0.09375,0.15234375,0.9052734375
1183291546,-0.0966796875,0.15283203125,0.8974609375
1183291576,-0.09130859375,0.15380859375,0.90625
1183291576,-0.09130859375,0.15380859375,0.90625
1183291605,-0.08642578125,0.15771484375,0.90283203125
1183291638,-0.09326171875,0.154296875,0.90625
1183291638,-0.09423828125,0.15087890625,0.90283203125
1183291666,-0.09326171875,0.16015625,0.90283203125
1183291697,-0.09423828125,0.16015625,0.90380859375
1183291699,-0.0908203125,0.16015625,0.90380859375
1183291727,-0.09130859375,0.1572265625,0.90185546875
1183291758,-0.09716796875,0.1640625,0.9072265625
1183291758,-0.095703125,0.15771484375,0.90087890625
1183291787,-0.09033203125,0.15576171875,0.90380859375
1183291817,-0.09228515625,0.15576171875,0.90576171875
1183291818,-0.08837890625,0.16015625,0.90625
1183291847,-0.0908203125,0.162109375,0.90673828125
1183291877,-0.08984375,0.15966796875,0.9052734375
1183291878,-0.0947265625,0.16064453125,0.91064453125
1183291907,-0.09130859375,0.15869140625,0.90673828125
1183291937,-0.08935546875,0.16015625,0.90478515625
1183291939,-0.0908203125,0.1611328125,0.91015625
1183291966,-0.08935546875,0.15283203125,0.8994140625
1183291996,-0.0859375,0.162109375,0.90087890625
1183291998,-0.087890625,0.1611328125,0.9052734375
1183292028,-0.091796875,0.1591796875,0.8994140625
1183292058,-0.0966796875,0.15478515625,0.8994140625
1183292058,-0.08837890625,0.1572265625,0.9013671875
1183292088,-0.08984375,0.15771484375,0.90478515625
1183292117,-0.08740234375,0.15625,0.90625
1183292118,-0.09326171875,0.15478515625,0.9052734375
1183292147,-0.0947265625,0.15771484375,0.9033203125
1183292177,-0.09130859375,0.15869140625,0.9052734375
1183292177,-0.09228515625,0.16357421875,0.90771484375
1183292207,-0.09375,0.16259765625,0.908203125
1183292237,-0.09423828125,0.16552734375,0.9013671875
1183292238,-0.09716796875,0.16552734375,0.90380859375
1183292267,-0.09521484375,0.158203125,0.91064453125
1183292298,-0.09228515625,0.16064453125,0.90869140625
1183292300,-0.09423828125,0.16015625,0.908203125
1183292327,-0.091796875,0.16162109375,0.9033203125
1183292357,-0.09326171875,0.16064453125,0.9013671875
1183292358,-0.09375,0.16552734375,0.900390625
1183292387,-0.09228515625,0.1689453125,0.89794921875
1183292417,-0.0927734375,0.162109375,0.900390625
1183292421,-0.09326171875,0.16650390625,0.89990234375
1183292445,-0.0888671875,0.16259765625,0.89208984375
1183292476,-0.08837890625,0.15673828125,0.9072265625
1183292476,-0.08837890625,0.15673828125,0.9072265625
1183292506,-0.091796875,0.166015625,0.90869140625
1183292538,-0.09326171875,0.169921875,0.90380859375
1183292538,-0.091796875,0.16455078125,0.89892578125
1183292567,-0.09228515625,0.1611328125,0.90478515625
1183292597,-0.08935546875,0.166015625,0.90185546875
1183292598,-0.0908203125,0.1708984375,0.91064453125
1183292657,-0.0927734375,0.16650390625,0.90673828125
1183292687,-0.0966796875,0.16748046875,0.9130859375
1183292688,-0.09228515625,0.1748046875,0.9169921875
1183292688,-0.091796875,0.1748046875,0.90625
1183292718,-0.09814453125,0.17431640625,0.90771484375
1183292720,-0.0947265625,0.16552734375,0.90380859375
1183292747,-0.0927734375,0.16796875,0.90283203125
1183292777,-0.09619140625,0.17041015625,0.900390625
1183292778,-0.091796875,0.162109375,0.8984375
1183292807,-0.09765625,0.169921875,0.8876953125
1183292838,-0.099609375,0.1669921875,0.888671875
1183292839,-0.11376953125,0.16650390625,0.884765625
1183292867,-0.11572265625,0.17529296875,0.8857421875
1183292898,-0.11181640625,0.171875,0.89111328125
1183292899,-0.1025390625,0.16748046875,0.89111328125
1183292927,-0.10009765625,0.17041015625,0.8935546875
1183292957,-0.09326171875,0.1611328125,0.89697265625
1183292958,-0.0966796875,0.16162109375,0.89111328125
1183292985,-0.10400390625,0.16748046875,0.8994140625
1183293017,-0.10302734375,0.1630859375,0.896484375
1183293019,-0.10107421875,0.1591796875,0.90185546875
1183293046,-0.09912109375,0.1572265625,0.8916015625
1183293078,-0.1025390625,0.166015625,0.8984375
1183293078,-0.10107421875,0.162109375,0.8994140625
1183293107,-0.10498046875,0.16162109375,0.90380859375
1183293136,-0.10400390625,0.16552734375,0.89306640625
1183293138,-0.10498046875,0.166015625,0.90478515625
1183293166,-0.10888671875,0.17041015625,0.9013671875
1183293196,-0.107421875,0.17431640625,0.9013671875
1183293198,-0.1083984375,0.17236328125,0.90283203125
1183293227,-0.10400390625,0.1728515625,0.90234375
1183293257,-0.10400390625,0.17041015625,0.90087890625
1183293258,-0.099609375,0.16650390625,0.90576171875
1183293288,-0.1064453125,0.17333984375,0.908203125
1183293317,-0.10498046875,0.17138671875,0.90869140625
1183293318,-0.09765625,0.16455078125,0.9072265625
1183293348,-0.09619140625,0.1669921875,0.89990234375
1183293377,-0.09814453125,0.16455078125,0.8984375
1183293377,-0.09912109375,0.1611328125,0.9013671875
1183293407,-0.1025390625,0.1669921875,0.89892578125
1183293437,-0.09765625,0.16845703125,0.90234375
1183293438,-0.10009765625,0.16796875,0.904296875
1183293470,-0.1025390625,0.1611328125,0.8984375
1183293501,-0.10302734375,0.1787109375,0.89599609375
1183293501,-0.099609375,0.1669921875,0.8955078125
1183293528,-0.09619140625,0.16455078125,0.89208984375
1183293556,-0.103515625,0.16259765625,0.9033203125
1183293558,-0.1064453125,0.171875,0.89892578125
1183293586,-0.1005859375,0.1708984375,0.89697265625
1183293617,-0.09326171875,0.16064453125,0.89501953125
1183293617,-0.09716796875,0.16162109375,0.90087890625
1183293647,-0.09619140625,0.17041015625,0.896484375
1183293676,-0.099609375,0.16796875,0.89990234375
1183293677,-0.09912109375,0.16162109375,0.89453125
1183293706,-0.09912109375,0.16650390625,0.8984375
1183293737,-0.1025390625,0.171875,0.896484375
1183293737,-0.10009765625,0.1650390625,0.90087890625
1183293767,-0.0966796875,0.1630859375,0.89697265625
1183293797,-0.091796875,0.16357421875,0.8994140625
1183293797,-0.09033203125,0.16015625,0.90380859375
1183293827,-0.09130859375,0.16357421875,0.90771484375
1183293857,-0.09033203125,0.173828125,0.896484375
1183293858,-0.09619140625,0.17041015625,0.8896484375
1183293885,-0.09912109375,0.16357421875,0.89111328125
1183293915,-0.1025390625,0.1572265625,0.90283203125
1183293916,-0.10400390625,0.1611328125,0.89892578125
1183293946,-0.10791015625,0.15234375,0.89599609375
1183293976,-0.111328125,0.15673828125,0.89990234375
1183293977,-0.10302734375,0.15966796875,0.9033203125
1183294005,-0.1064453125,0.15087890625,0.91064453125
1183294037,-0.11181640625,0.13623046875,0.912109375
1183294038,-0.11572265625,0.1435546875,0.90576171875
1183294069,-0.10302734375,0.1552734375,0.912109375
1183294095,-0.10791015625,0.1533203125,0.908203125
1183294096,-0.1025390625,0.14111328125,0.9150390625
1183294125,-0.1044921875,0.14501953125,0.91259765625
1183294155,-0.103515625,0.150390625,0.90673828125
1183294156,-0.10888671875,0.15283203125,0.904296875
1183294187,-0.099609375,0.16015625,0.90625
1183294217,-0.09765625,0.1650390625,0.912109375
1183294219,-0.10498046875,0.16015625,0.9052734375
1183294247,-0.10302734375,0.1591796875,0.90185546875
1183294277,-0.09912109375,0.1708984375,0.90478515625
1183294277,-0.095703125,0.17138671875,0.90234375
1183294305,-0.10302734375,0.16455078125,0.90380859375
1183294366,-0.10546875,0.1552734375,0.90869140625
1183294366,-0.10546875,0.1552734375,0.90869140625
1183294367,-0.10302734375,0.16650390625,0.89990234375
