#t,x,y,z
1183270333,1.3125,0.375,-0.1875
1183270334,1.3125,0.375,-0.1875
1183270334,1.3125,0.375,-0.1875
1183270334,1.3125,0.375,-0.1875
1183270334,1.3125,0.375,-0.1875
1183270334,1.3125,0.375,-0.1875
1183270334,1.3125,0.375,-0.1875
1183270334,1.3125,0.375,-0.1875
1183270334,1.3125,0.375,-0.1875
1183270334,1.3125,0.375,-0.1875
1183270335,1.3125,0.375,-0.1875
1183270335,1.3125,0.375,-0.1875
1183270335,1.3125,0.375,-0.1875
1183270335,1.3125,0.375,-0.1875
1183270335,1.3125,0.375,-0.1875
1183270335,1.3125,0.375,-0.1875
1183270335,1.3125,0.375,-0.1875
1183270335,1.3125,0.375,-0.1875
1183270335,1.3125,0.375,-0.1875
1183270335,1.3125,0.375,-0.1875
1183270335,1.3125,0.375,-0.1875
1183270335,1.3125,0.375,-0.1875
1183270335,1.3125,0.375,-0.1875
1183270335,1.3125,0.375,-0.1875
1183270335,1.3125,0.375,-0.1875
1183270336,1.3125,0.375,-0.1875
1183270336,1.3125,0.375,-0.1875
1183270336,1.3125,0.375,-0.1875
1183270375,1.5,0.5,-1.4375
1183270375,1.5,0.5,-1.4375
1183270375,1.5,0.5,-1.4375
1183270411,1.5,0.5,-1.3125
1183270411,1.5,0.5,-1.3125
1183270429,0.8125,0.5,-1.0
1183270455,0.75,0.6875,-0.125
1183270455,1.125,0.625,-0.1875
1183270485,1.125,0.5,-0.8125
1183270515,1.4375,0.125,-0.875
1183270515,1.25,0.1875,-1.1875
1183270545,1.5,0.25,-1.0625
1183270576,1.8125,-0.0625,-1.1875
1183270577,2.0625,0.0,-1.0625
1183270612,1.8125,0.3125,-1.1875
1183270669,1.75,0.4375,-1.5625
1183270669,1.5625,0.4375,-1.8125
1183270669,0.625,0.5,-1.5
1183270697,0.75,0.5625,-0.875
1183270697,0.625,0.6875,-0.875
1183270727,1.0,0.8125,-0.6875
1183270759,0.625,0.3125,-0.6875
1183270759,0.3125,0.375,-0.8125
1183270787,0.5,0.8125,-0.625
1183270820,1.375,0.5,-0.4375
1183270820,1.375,0.5,-0.4375
1183270847,1.0,0.6875,-0.0625
1183270878,0.3125,0.375,0.375
1183270880,1.125,0.0,0.6875
1183270907,0.625,0.0,0.875
1183270935,0.4375,0.125,0.625
1183270938,0.75,-0.4375,0.75
1183270965,1.0625,-0.8125,1.0625
1183270996,1.4375,-0.8125,1.4375
1183270998,1.3125,-0.6875,1.375
1183271027,1.4375,-0.3125,1.25
1183271057,1.125,0.1875,0.9375
1183271057,0.625,0.125,0.9375
1183271115,0.125,0.0,0.4375
1183271115,0.125,0.0,0.4375
1183271116,0.75,-0.0625,0.3125
1183271146,0.5625,-0.1875,-0.4375
1183271178,-0.8125,-0.5,-0.6875
1183271178,-0.3125,-0.375,-0.625
1183271206,0.75,-0.875,-0.875
1183271237,0.875,-1.1875,-1.1875
1183271239,-0.25,-1.0,-1.25
1183271267,-0.8125,-0.5625,-0.75
1183271297,-0.5,-0.0625,-0.75
1183271298,-0.375,0.0625,-0.5
1183271327,0.125,0.125,-0.75
1183271357,0.0,0.3125,-1.125
1183271357,-0.625,0.875,-0.75
1183271387,-0.875,0.875,-0.5625
1183271417,-0.375,0.5,-0.4375
1183271421,-0.625,0.6875,-0.5625
1183271449,-0.75,0.5625,-0.5625
1183271476,-1.0625,0.375,-0.4375
1183271476,-1.25,0.25,-0.875
1183271508,-2.0625,0.0,-1.1875
1183271538,-0.875,-0.125,-1.4375
1183271538,-0.5625,-0.6875,-1.8125
1183271567,-0.5,-0.75,-1.6875
1183271596,-1.1875,-0.6875,-1.4375
1183271596,-0.9375,-0.75,-0.875
1183271626,-0.125,-1.125,-0.4375
1183271657,0.0625,-1.5625,0.0625
1183271657,0.375,-1.625,0.1875
1183271686,0.875,-1.3125,0.375
1183271717,0.25,-0.6875,0.25
1183271717,-0.5,-0.0625,0.25
1183271747,-0.25,0.25,0.625
1183271810,-0.625,0.25,0.875
1183271810,-0.4375,0.4375,0.9375
1183271810,-0.5,0.875,1.125
1183271837,-0.6875,1.3125,0.875
1183271837,-0.75,1.6875,1.375
1183271867,-0.1875,1.375,1.375
1183271895,0.25,0.6875,2.4375
1183271896,0.25,0.6875,2.4375
1183271925,0.875,1.1875,1.8125
1183271957,-0.125,1.6875,1.6875
1183271957,0.25,1.5625,1.1875
1183271991,0.1875,1.875,1.25
1183272017,-0.6875,2.125,1.8125
1183272018,-0.4375,2.5625,1.25
1183272046,-1.5,2.875,0.875
1183272077,-1.1875,2.8125,0.375
1183272077,-0.8125,2.5625,-0.0625
1183272108,-0.6875,1.875,-0.375
1183272137,-0.25,1.0625,-0.3125
1183272138,-0.875,0.6875,-0.625
1183272165,-0.5,0.1875,-0.625
1183272258,0.3125,-0.1875,-0.6875
1183272259,0.0625,-0.5,-1.1875
1183272259,-0.5625,-0.4375,-0.8125
1183272260,-1.625,-0.5625,-0.3125
1183272260,-1.125,-0.625,0.1875
1183272287,-1.5,-0.5625,0.25
1183272317,-1.625,-1.4375,-0.25
1183272317,-1.5,-2.4375,0.0625
1183272347,-1.3125,-2.5,0.125
1183272377,-1.5,-2.25,0.4375
1183272377,-0.8125,-2.25,-0.0625
1183272407,-0.25,-1.875,-0.375
1183272437,-0.5,-1.125,-0.125
1183272437,-0.9375,-0.5625,-0.5
1183272472,-1.125,-0.125,-0.5625
1183272499,-1.6875,0.0625,-0.5625
1183272527,-2.375,0.375,-0.25
1183272527,-2.5625,0.6875,-0.125
1183272557,-2.1875,0.4375,-0.25
1183272586,-2.4375,0.4375,-0.875
1183272587,-2.375,0.25,-0.875
1183272616,-2.1875,0.375,-0.4375
1183272647,-1.375,0.625,0.0
1183272648,-0.75,1.1875,0.375
1183272677,-0.75,1.0625,-0.375
1183272706,-0.6875,0.8125,-0.625
1183272707,-0.6875,0.4375,-0.8125
1183272737,-1.125,0.25,-0.8125
1183272767,-1.6875,0.375,-0.3125
1183272768,-1.6875,0.1875,-0.4375
1183272797,-1.3125,-0.25,-0.6875
1183272826,-1.375,-0.375,-1.125
1183272828,-0.875,-0.625,-1.75
1183272857,0.25,-0.6875,-1.625
1183272886,-0.3125,-0.75,-1.4375
1183272917,-0.3125,-0.875,-1.1875
1183272920,0.25,-0.8125,-1.5625
1183272946,0.0,-0.5,-1.5625
1183272948,-0.6875,-0.1875,-1.625
1183272975,-1.0625,0.0625,-1.625
1183273005,-1.125,0.0,-1.625
1183273006,-1.0625,-0.6875,-1.5
1183273035,-0.3125,-0.9375,-1.0625
1183273065,-0.5,-1.125,-0.4375
1183273065,-0.75,-1.1875,-0.4375
1183273095,0.1875,-0.6875,-0.6875
1183273125,-0.0625,-0.3125,-0.875
1183273126,-0.1875,-0.25,-0.875
1183273156,-0.125,-0.25,-0.9375
1183273187,0.0,-0.0625,-0.5
1183273188,-0.6875,0.1875,-0.375
1183273216,-0.9375,0.375,-0.375
1183273246,-0.375,-0.125,-0.1875
1183273248,0.0,-0.375,-0.1875
1183273278,-0.625,-0.5,0.0
1183273307,-0.75,-0.5,-0.5625
1183273307,0.625,-0.6875,-0.1875
1183273337,1.125,-0.75,-0.625
1183273367,1.6875,-0.75,-1.125
1183273367,2.125,-0.8125,-1.25
1183273396,0.8125,-0.625,-1.1875
1183273427,0.4375,-0.375,-1.375
1183273428,1.125,-0.4375,-1.0
1183273457,1.4375,-0.8125,-0.3125
1183273487,1.5,-0.375,0.625
1183273488,1.625,-0.4375,0.25
1183273518,0.875,-0.3125,0.25
1183273546,0.625,0.375,0.6875
1183273550,0.0,0.8125,0.875
1183273577,-0.4375,0.875,1.625
1183273608,-0.0625,1.0625,1.625
1183273610,-0.9375,1.1875,2.375
1183273637,-1.375,1.625,2.8125
1183273699,-1.5,1.75,3.0625
1183273699,-1.1875,1.6875,3.125
1183273699,-1.6875,1.4375,3.0
1183273727,-1.875,1.3125,3.1875
1183273727,-1.6875,1.4375,3.5
1183273757,-2.4375,1.1875,2.875
1183273786,-3.0,2.0625,2.1875
1183273787,-2.25,2.375,1.1875
1183273817,-2.1875,2.125,0.5625
1183273818,-1.8125,1.875,0.3125
1183273847,-2.25,1.6875,0.0625
1183273877,-2.0,1.375,0.1875
1183273878,-1.75,1.4375,-0.3125
1183273906,-1.75,1.625,-0.9375
1183273940,-1.4375,1.5625,-0.9375
1183273940,-1.375,1.1875,-1.5625
1183273967,-1.125,0.8125,-1.875
1183273997,-1.3125,0.75,-1.8125
1183273997,-1.8125,0.6875,-1.9375
1183274027,-1.5,0.6875,-1.8125
1183274057,-0.8125,0.3125,-2.125
1183274058,0.125,0.375,-2.375
1183274087,0.4375,0.3125,-2.5625
1183274117,0.625,-0.0625,-2.375
1183274117,0.8125,-0.125,-2.5
1183274147,1.125,-0.1875,-2.3125
1183274175,1.3125,-0.625,-1.75
1183274175,0.5625,-0.875,-1.0625
1183274206,0.4375,-1.125,-0.5625
1183274237,0.9375,-1.375,-0.25
1183274237,1.9375,-1.375,-0.1875
1183274266,2.375,-1.1875,-0.4375
1183274296,1.5,-1.3125,-0.5
1183274297,1.5625,-1.1875,-0.3125
1183274327,1.875,-1.25,-0.0625
1183274357,1.9375,-1.5,0.25
1183274358,2.0,-2.1875,0.125
1183274387,2.25,-2.75,-0.1875
1183274417,2.9375,-2.6875,-0.25
1183274417,2.375,-2.5625,-0.4375
1183274448,2.0625,-2.1875,-0.3125
1183274448,1.5625,-2.125,-0.8125
1183274477,1.8125,-2.3125,-1.25
1183274507,2.3125,-2.1875,-1.75
1183274508,2.625,-2.25,-2.0
1183274537,2.1875,-2.6875,-1.75
1183274570,1.0625,-2.8125,-1.6875
1183274572,0.375,-2.6875,-1.75
1183274596,1.75,-2.5625,-1.625
1183274625,2.4375,-2.6875,-1.875
1183274626,2.3125,-2.5625,-2.6875
1183274657,1.9375,-2.5625,-2.75
1183274688,1.875,-2.0625,-2.875
1183274688,1.375,-1.375,-2.8125
1183274717,0.0625,-1.0625,-2.625
1183274747,-1.125,-0.75,-2.75
1183274748,-0.875,-0.625,-2.5
1183274806,0.5,-0.75,-2.0625
1183274807,0.625,-0.4375,-1.5
1183274807,-1.1875,0.125,-0.6875
1183274836,-1.125,0.25,-0.3125
1183274867,0.25,0.0625,-0.5
1183274868,0.3125,0.0625,-0.8125
1183274897,0.0,0.5625,-0.8125
1183274927,0.3125,0.625,-0.6875
1183274928,0.75,0.4375,-0.625
1183274957,1.0,0.0625,-0.1875
1183274987,0.25,-0.3125,0.125
1183274988,0.0625,-0.6875,0.125
1183275016,0.1875,-0.6875,-0.125
1183275047,0.125,-0.75,-0.5
1183275048,-0.1875,-1.25,-0.875
1183275077,0.1875,-1.5,-0.6875
1183275110,0.4375,-1.875,-0.9375
1183275110,0.9375,-1.625,-1.375
1183275135,0.125,-1.1875,-1.375
1183275165,-0.3125,-0.6875,-1.375
1183275166,0.0625,-0.75,-1.5625
1183275197,0.875,-0.8125,-1.5
1183275227,0.0625,-0.75,-1.6875
1183275228,-0.625,-0.3125,-1.375
1183275257,-0.5625,-0.4375,-1.1875
1183275287,-0.4375,-0.4375,-1.0
1183275288,-0.625,-0.375,-1.1875
1183275316,0.25,-0.5,-1.0625
1183275346,-0.125,-0.5,-1.1875
1183275347,0.1875,-0.1875,-0.875
1183275375,0.125,0.0,-1.25
1183275437,0.5625,-0.0625,-1.125
1183275437,0.625,-0.0625,-1.375
1183275437,0.8125,-0.3125,-1.5
1183275465,0.375,0.0,-1.375
1183275465,-0.375,0.375,-1.375
1183275498,-0.875,0.625,-1.25
1183275529,-0.625,0.0625,-1.125
1183275530,-0.5,-0.125,-0.9375
1183275556,-1.0,-0.125,-0.875
1183275586,-1.125,0.0,-0.6875
1183275586,-1.0625,0.125,-0.5625
1183275623,-1.125,0.3125,-0.625
1183275647,-1.3125,1.1875,-0.6875
1183275647,-1.75,1.4375,-0.8125
1183275707,-1.8125,1.6875,-0.75
1183275709,-1.9375,1.6875,-0.75
1183275710,-2.5625,1.625,-1.0625
1183275738,-2.125,1.5,-0.9375
1183275767,-1.6875,1.3125,-0.9375
1183275767,-1.625,1.1875,-0.9375
1183275797,-1.25,1.25,-1.1875
1183275826,-1.125,1.375,-1.125
1183275828,-1.75,1.8125,-0.9375
1183275856,-2.25,1.75,-0.875
1183275886,-1.6875,1.3125,-1.3125
1183275888,-1.0,0.875,-1.5625
1183275917,-0.875,1.0625,-1.75
1183275948,-1.5625,1.5,-1.75
1183275948,-2.1875,1.625,-1.5
1183275977,-2.3125,1.625,-1.625
1183276007,-1.5,1.5625,-1.625
1183276007,-1.5,1.5,-1.75
1183276037,-1.4375,1.625,-1.75
1183276067,-2.0,1.25,-1.6875
1183276067,-1.9375,0.9375,-1.0625
1183276097,-1.125,0.6875,-0.875
1183276131,-1.3125,0.5,-0.75
1183276132,-1.5625,0.5,-0.8125
1183276156,-1.125,0.5,-1.0625
1183276190,-2.25,0.3125,-0.4375
1183276190,-2.3125,0.25,0.0625
1183276216,-1.125,-0.0625,-0.125
1183276245,-0.25,0.0,-0.25
1183276245,-0.625,0.3125,-0.3125
1183276277,-1.5,0.5625,-0.375
1183276307,-1.5625,0.5,-0.625
1183276308,-1.1875,0.6875,-0.5625
1183276337,-1.375,0.8125,-0.5625
1183276399,-1.5625,0.875,-0.75
1183276400,-1.25,0.9375,-1.1875
1183276400,-1.125,0.8125,-1.375
1183276427,-0.8125,0.8125,-1.4375
1183276457,-0.25,0.3125,-1.6875
1183276458,-0.4375,0.375,-2.25
1183276487,-0.6875,0.4375,-1.8125
1183276518,-1.125,0.625,-1.6875
1183276519,-1.0625,0.4375,-1.75
1183276549,-0.6875,0.25,-1.875
1183276578,-0.5625,-0.125,-2.125
1183276578,-0.4375,-0.375,-2.4375
1183276606,-0.4375,-0.625,-2.0625
1183276644,-0.6875,-0.6875,-1.75
1183276648,-0.1875,-0.8125,-1.6875
1183276666,-1.125,-1.25,-1.6875
1183276698,-0.6875,-1.3125,-1.25
1183276698,-0.3125,-1.3125,-1.125
1183276727,-0.125,-1.0,-0.625
1183276758,-0.3125,-0.875,-0.9375
1183276758,0.1875,-0.875,-0.8125
1183276822,0.75,-1.0625,-1.125
1183276822,-0.0625,-1.125,-1.4375
1183276823,-0.9375,-0.8125,-1.75
1183276848,-0.3125,-0.75,-1.5625
1183276877,-0.0625,-0.9375,-1.1875
1183276877,-0.25,-1.4375,-1.25
1183276906,0.625,-1.8125,-1.3125
1183276937,2.25,-2.25,-1.25
1183276937,1.6875,-2.375,-1.1875
1183276966,1.0625,-1.875,-1.0625
1183276997,0.625,-1.8125,-1.1875
1183276997,1.5,-1.8125,-1.25
1183277026,1.1875,-1.5625,-1.1875
1183277057,1.5,-1.625,-0.8125
1183277058,1.6875,-1.875,-1.125
1183277087,0.75,-1.9375,-0.875
1183277117,0.625,-1.5,-1.0625
1183277117,0.375,-1.4375,-0.9375
1183277147,0.6875,-1.625,-1.0625
1183277177,0.9375,-1.8125,-0.9375
1183277178,1.0,-1.875,-1.1875
1183277206,1.5,-1.6875,-1.0625
1183277237,1.5,-1.75,-0.875
1183277237,1.25,-2.0,-0.8125
1183277266,0.75,-2.0,-0.5625
1183277298,1.3125,-2.0625,-0.375
1183277299,1.6875,-2.25,-0.8125
1183277327,1.75,-1.9375,-0.8125
1183277357,1.0,-1.6875,-0.375
1183277361,0.9375,-1.5,-0.375
1183277385,0.625,-1.1875,-0.375
1183277416,0.625,-0.5625,-0.8125
1183277417,0.1875,-0.0625,-1.0
1183277447,-0.125,0.25,-0.875
1183277476,-0.5625,0.3125,-0.75
1183277477,-0.5625,0.6875,-0.75
1183277507,0.0625,0.8125,-1.0625
1183277538,0.375,0.5,-1.0625
1183277539,-0.375,0.1875,-1.125
1183277567,-0.75,0.0,-0.9375
1183277596,-0.0625,0.0,-1.0
1183277598,0.6875,0.0,-1.5
1183277630,0.125,-0.3125,-1.8125
1183277657,-0.375,-0.5,-1.875
1183277658,0.0625,-0.625,-1.75
1183277687,0.5625,-0.625,-1.625
1183277716,1.125,-0.75,-1.75
1183277720,1.4375,-1.0,-1.75
1183277747,1.75,-1.0,-1.0625
1183277808,0.75,-0.625,-1.25
1183277808,0.25,-0.25,-1.75
1183277809,0.5625,0.125,-1.875
1183277836,0.0625,0.375,-1.75
1183277837,-0.375,0.375,-1.25
1183277867,-0.8125,0.5625,-1.3125
1183277899,-0.875,0.8125,-0.9375
1183277899,-0.625,1.0625,-0.5
1183277927,-0.375,1.0,-0.625
1183277957,-0.4375,0.625,-0.4375
1183277957,-0.375,0.0625,-0.5
1183277986,0.5625,0.0625,-0.4375
1183278017,-0.3125,0.25,-0.5625
1183278017,-1.0,0.5,-0.5
1183278047,-1.0625,0.25,-0.625
1183278076,-0.4375,0.125,-0.5
1183278079,-0.8125,0.0,-0.125
1183278107,-1.0,0.0,0.25
1183278138,-0.9375,-0.1875,-0.5
1183278139,-0.875,-0.0625,-0.6875
1183278167,-0.8125,0.0625,-0.875
1183278198,-0.4375,0.4375,-0.6875
1183278199,-0.25,0.25,-0.375
1183278228,-0.125,0.0625,-0.125
1183278256,-0.5,-0.1875,-0.5625
1183278256,-0.5,-0.1875,-0.5625
1183278285,0.1875,-0.375,-0.875
1183278316,0.0,-0.5,-0.9375
1183278317,-0.375,-0.4375,-1.125
1183278346,-0.75,-0.4375,-1.125
1183278377,-0.4375,-0.5,-0.875
1183278378,-0.0625,-0.5625,-0.5
1183278407,-0.8125,-0.4375,-0.125
1183278437,-0.6875,-0.1875,-0.25
1183278438,-0.25,0.0625,0.1875
1183278467,-0.25,0.125,0.625
1183278496,-0.6875,0.0625,0.1875
1183278498,0.125,0.1875,-0.3125
1183278526,-0.25,0.125,-0.6875
1183278557,-0.75,0.5625,-0.5
1183278558,-0.3125,0.6875,-0.375
1183278587,0.4375,0.3125,-0.25
1183278616,0.1875,0.3125,-0.3125
1183278618,0.0,0.25,-0.25
1183278647,-0.0625,0.1875,0.0
1183278677,1.125,0.3125,0.25
1183278677,1.0,0.0,0.625
1183278708,0.8125,-0.25,0.5
1183278739,0.8125,-0.0625,0.3125
1183278740,0.8125,0.25,-0.0625
1183278767,0.5,0.125,-0.4375
1183278796,0.5,0.3125,-0.125
1183278796,0.4375,0.125,0.125
1183278825,0.375,-0.125,0.3125
1183278857,0.0625,0.1875,0.375
1183278859,-0.4375,0.0625,0.5
1183278887,0.0625,0.3125,0.5
1183278918,0.1875,-0.0625,0.25
1183278921,0.4375,-0.1875,0.375
1183278948,-0.125,-0.0625,0.25
1183278978,0.5,0.125,0.3125
1183278978,0.5,-0.1875,0.125
1183279006,0.5,-0.8125,0.3125
1183279036,0.625,-0.8125,0.5
1183279038,0.375,-0.875,0.625
1183279066,-0.25,-0.1875,0.25
1183279068,-0.3125,-0.0625,0.0625
1183279098,-0.5625,-0.125,0.0
1183279126,-0.25,-0.125,0.1875
1183279128,-0.5625,0.0,0.5
1183279157,-0.125,-0.1875,0.375
1183279187,-0.25,0.0625,0.1875
1183279188,-0.375,0.3125,0.125
1183279217,-0.375,0.1875,-0.1875
1183279247,0.1875,-0.25,-0.25
1183279247,-0.125,-0.25,-0.1875
1183279277,-0.25,-0.1875,-0.0625
1183279309,-0.4375,0.125,-0.0625
1183279310,-0.5625,0.1875,0.125
1183279336,-0.375,0.0625,0.0
1183279366,0.375,-0.125,-0.3125
1183279368,-0.125,-0.25,-0.6875
1183279396,-0.6875,-0.1875,-0.4375
1183279427,-0.1875,-0.1875,-0.1875
1183279427,0.0625,-0.25,-0.125
1183279458,0.25,-0.4375,0.25
1183279487,0.25,-0.6875,0.4375
1183279487,0.375,-0.75,0.3125
1183279515,0.3125,-0.8125,-0.25
1183279546,0.1875,-0.6875,-0.6875
1183279546,0.0,-0.375,-0.25
1183279577,-0.375,-0.375,0.0625
1183279607,0.25,-0.75,-0.25
1183279608,0.5625,-1.125,-0.3125
1183279637,0.375,-0.8125,0.0
1183279667,-0.125,-0.4375,0.1875
1183279667,0.0625,-0.625,0.0
1183279697,0.25,-0.4375,0.0
1183279727,-0.4375,-0.5,0.0
1183279728,-0.1875,-0.625,-0.3125
1183279757,-0.4375,-0.6875,-0.875
1183279787,-1.25,-0.75,-0.9375
1183279787,-0.9375,-0.875,-0.6875
1183279819,-0.625,-0.6875,-0.6875
1183279847,-0.6875,-0.875,-0.875
1183279847,-0.1875,-1.25,-0.875
1183279876,0.375,-1.6875,-1.125
1183279906,0.3125,-1.3125,-1.0
1183279908,0.0625,-0.8125,-0.8125
1183279936,-0.1875,-0.125,-0.8125
1183279967,-0.1875,0.3125,-1.0
1183279968,-1.0625,0.6875,-1.75
1183280001,-1.4375,0.8125,-1.6875
1183280026,-0.875,1.0,-1.75
1183280027,-1.0625,1.0625,-1.5625
1183280056,-1.9375,1.1875,-1.25
1183280087,-1.9375,1.25,-0.9375
1183280087,-1.3125,0.9375,-0.5625
1183280117,-0.875,0.8125,-0.4375
1183280148,0.0,0.3125,-0.1875
1183280148,0.0625,0.25,-0.1875
1183280177,0.5625,0.0625,-0.4375
1183280207,-0.1875,-0.0625,-0.0625
1183280208,-0.9375,-0.1875,0.0625
1183280237,-0.0625,-0.3125,0.125
1183280266,0.4375,-0.4375,0.25
1183280267,-0.9375,-0.125,0.625
1183280296,-2.125,0.4375,1.0
1183280327,-2.0,0.625,1.5
1183280328,-1.4375,1.0,1.8125
1183280357,-1.75,1.6875,1.9375
1183280387,-1.75,1.75,1.8125
1183280387,-0.5625,1.8125,1.3125
1183280416,-0.875,2.0,1.125
1183280479,-1.9375,2.0,0.75
1183280479,-2.5625,2.0,0.0625
1183280480,-2.625,1.875,0.0625
1183280506,-3.3125,1.875,0.0625
1183280508,-2.625,1.125,-0.1875
1183280537,-2.1875,0.25,-0.125
1183280566,-1.75,-0.125,-0.1875
1183280567,-1.1875,-0.5,-0.375
1183280597,0.75,-0.875,-1.0
1183280628,1.4375,-1.1875,-1.875
1183280630,1.4375,-1.125,-2.625
1183280656,1.4375,-0.8125,-3.3125
1183280688,1.5625,-1.0625,-3.5
1183280688,0.1875,-1.0625,-3.125
1183280717,-0.4375,-1.25,-3.25
1183280778,0.6875,-1.6875,-2.9375
1183280778,1.5,-2.0,-2.5625
1183280779,1.0,-2.0625,-1.875
1183280807,0.5625,-2.125,-1.625
1183280807,1.4375,-2.4375,-1.5
1183280837,2.125,-2.625,-1.5625
1183280868,2.0625,-2.3125,-1.75
1183280869,1.5,-2.25,-1.6875
1183280897,0.875,-2.0625,-1.75
1183280927,0.0625,-2.0625,-1.75
1183280928,0.0625,-1.75,-2.0625
1183280957,-0.1875,-2.0,-2.6875
1183280986,-0.5,-2.5625,-2.125
1183280990,-0.375,-2.8125,-1.625
1183281016,-0.125,-2.75,-0.9375
1183281047,0.0,-2.375,-0.875
1183281047,0.3125,-2.25,-1.5625
1183281077,0.625,-1.8125,-2.375
1183281105,1.0,-1.4375,-2.75
1183281105,1.5625,-1.375,-2.9375
1183281136,2.4375,-1.6875,-2.8125
1183281167,1.5,-2.0,-2.3125
1183281168,-0.25,-1.6875,-1.5625
1183281197,-0.0625,-1.25,-1.25
1183281228,1.5,-1.375,-1.25
1183281228,1.625,-1.4375,-1.5625
1183281257,1.5625,-1.25,-1.5625
1183281287,2.0625,-1.125,-1.8125
1183281288,2.25,-0.9375,-1.75
1183281317,1.375,-0.5,-1.125
1183281347,1.3125,-0.875,-0.5625
1183281348,1.8125,-1.375,-0.25
1183281376,2.125,-1.6875,0.25
1183281409,1.8125,-1.8125,0.375
1183281410,1.0625,-1.5,0.4375
1183281435,0.5,-1.375,0.8125
1183281466,1.125,-1.3125,0.9375
1183281497,1.8125,-0.9375,1.125
1183281497,1.1875,-0.5625,1.1875
1183281527,1.0,-0.125,0.875
1183281527,1.125,-0.0625,0.75
1183281557,-0.0625,-0.1875,0.8125
1183281587,-0.875,-0.25,0.875
1183281588,-0.875,-0.1875,0.75
1183281617,-0.75,-0.375,0.5625
1183281646,-1.25,0.3125,0.4375
1183281647,-1.6875,0.6875,0.375
1183281676,-1.25,0.75,0.125
1183281707,-1.125,0.9375,-0.375
1183281709,-1.125,0.9375,-0.625
1183281738,-1.5625,1.0,-0.3125
1183281766,-1.9375,1.375,-0.125
1183281768,-2.0,1.75,-0.3125
1183281797,-1.8125,1.625,-0.6875
1183281827,-2.25,1.375,-0.9375
1183281827,-1.6875,1.4375,-0.8125
1183281857,-1.5625,1.375,-0.625
1183281887,-1.5625,1.4375,-0.3125
1183281888,-1.0,1.1875,-0.4375
1183281917,-1.4375,1.375,-0.1875
1183281949,-1.75,1.75,-0.1875
1183281949,-1.75,1.75,-0.1875
1183281976,-1.8125,1.875,-0.4375
1183282006,-2.75,1.875,-0.375
1183282007,-2.4375,2.0625,-0.1875
1183282038,-2.1875,2.0,-0.0625
1183282066,-2.25,2.125,-0.3125
1183282097,-2.0625,2.125,-0.75
1183282098,-1.9375,1.9375,-0.8125
1183282127,-1.6875,1.625,-0.75
1183282128,-1.625,1.625,-0.6875
1183282156,-1.375,1.6875,-0.625
1183282187,-1.6875,1.5,-1.3125
1183282188,-1.6875,1.5,-1.25
1183282217,-2.3125,1.3125,-0.9375
1183282247,-2.4375,0.9375,-1.0
1183282247,-2.25,0.625,-0.4375
1183282277,-1.9375,0.4375,-0.25
1183282307,-1.3125,0.125,-0.6875
1183282307,-1.0,-0.125,-1.0625
1183282336,-0.5,-0.3125,-1.5
1183282367,-0.625,-0.0625,-1.9375
1183282367,-0.5625,0.0,-2.125
1183282397,-0.75,-0.0625,-2.625
1183282427,0.0625,-0.5625,-2.625
1183282427,0.3125,-0.875,-2.625
1183282457,-0.125,-1.0625,-2.8125
1183282487,-0.875,-1.3125,-2.75
1183282487,-0.875,-1.4375,-2.3125
1183282516,-1.0,-1.3125,-1.75
1183282546,0.5,-1.5,-1.5625
1183282548,1.8125,-1.625,-1.5
1183282576,2.375,-1.875,-1.0625
1183282607,1.3125,-1.625,-0.8125
1183282607,0.75,-1.5,-0.3125
1183282637,0.4375,-1.3125,-0.4375
1183282666,1.125,-1.25,-0.8125
1183282668,1.5625,-1.4375,-1.0625
1183282698,1.75,-1.75,-0.375
1183282728,-0.25,-1.3125,0.875
1183282728,-0.25,-1.3125,0.875
1183282757,0.6875,-1.0625,-0.0625
1183282787,1.9375,-0.8125,-0.875
1183282788,1.75,-0.1875,-1.25
1183282817,1.5,0.0,-1.3125
1183282847,1.6875,-0.0625,-0.9375
1183282847,0.625,-0.125,-0.25
1183282877,-0.0625,-0.1875,0.1875
1183282940,0.3125,-0.5,0.5
1183282941,1.0625,-0.5,0.5625
1183282941,0.5625,-0.375,0.4375
1183282965,0.5625,-0.125,0.125
1183282966,0.5625,-0.1875,-0.0625
1183282996,0.125,-0.125,0.0625
1183283026,0.375,-0.0625,0.0
1183283027,0.75,-0.25,-0.25
1183283057,1.125,-0.125,-0.125
1183283088,0.6875,-0.375,0.375
1183283088,-0.3125,-0.6875,0.5625
1183283117,-0.375,-0.875,0.5
1183283147,0.4375,-1.25,0.0625
1183283147,1.1875,-1.5,0.0
1183283175,1.4375,-1.5,-0.3125
1183283207,0.625,-1.3125,-0.125
1183283208,0.375,-1.5,-0.3125
1183283237,0.3125,-1.5,-0.75
1183283267,1.4375,-1.3125,-0.6875
1183283269,1.0625,-0.9375,-0.5
1183283297,1.625,-0.625,0.0
1183283327,1.8125,-0.6875,-0.125
1183283328,1.1875,-1.0,-0.625
1183283357,0.375,-0.6875,-0.6875
1183283387,0.0,-0.375,-0.5
1183283387,0.1875,-0.25,-0.25
1183283417,0.4375,-0.1875,-0.25
1183283447,0.5625,-0.3125,-0.1875
1183283447,0.5625,-0.0625,-0.125
1183283477,0.0625,0.3125,0.0
1183283507,-0.5,0.5625,0.0625
1183283511,0.375,0.75,0.375
1183283537,0.1875,0.75,0.75
1183283568,-0.5625,1.0625,0.625
1183283568,-0.375,0.9375,0.875
1183283597,-0.125,1.1875,1.125
1183283627,-0.6875,1.5625,0.9375
1183283628,-0.875,1.8125,0.625
1183283657,-1.3125,2.125,0.3125
1183283687,-1.375,2.5,0.3125
1183283688,-1.75,2.5625,0.3125
1183283717,-1.75,2.75,0.375
1183283747,-1.9375,2.625,0.125
1183283747,-2.1875,2.6875,-0.125
1183283809,-2.25,2.875,0.1875
1183283809,-2.25,2.9375,0.4375
1183283809,-1.8125,2.5625,0.3125
1183283837,-2.0625,2.375,0.0
1183283869,-1.625,2.125,-0.25
1183283869,-0.9375,1.625,0.0625
1183283897,-1.75,1.6875,-0.3125
1183283927,-2.5625,1.75,-0.6875
1183283928,-1.6875,1.4375,-1.4375
1183283957,-0.75,0.625,-1.9375
1183283985,-0.8125,0.375,-2.25
1183284051,-1.75,0.3125,-2.125
1183284052,-1.1875,0.125,-2.5625
1183284052,-1.1875,0.125,-2.5625
1183284076,-0.4375,-0.0625,-2.875
1183284076,-0.8125,0.1875,-2.75
1183284108,-0.875,-0.0625,-2.4375
1183284136,-1.25,0.0,-2.5
1183284138,-0.75,0.125,-2.375
1183284168,-0.125,0.125,-2.625
1183284198,-0.0625,-0.0625,-2.5625
1183284198,-0.1875,0.0,-2.125
1183284226,-0.4375,-0.3125,-2.25
1183284257,-0.4375,-0.375,-2.125
1183284257,0.0,-0.4375,-1.875
1183284320,0.125,-0.4375,-1.4375
1183284322,-0.0625,-0.6875,-1.5625
1183284323,-0.5,-0.6875,-0.9375
1183284347,-0.75,-0.75,-0.625
1183284401,-0.3125,-0.9375,-0.6875
1183284401,-0.3125,-0.875,-0.4375
1183284406,-0.25,-0.75,-0.375
1183284408,-0.375,-0.875,-0.6875
1183284437,0.25,-0.9375,-0.8125
1183284439,0.375,-1.4375,-0.6875
1183284467,0.9375,-1.375,-0.0625
1183284498,0.75,-1.375,-0.125
1183284499,0.375,-1.0625,-0.4375
1183284527,0.125,-0.875,-0.625
1183284558,-0.1875,-0.75,-0.8125
1183284559,-0.1875,-0.625,-0.5
1183284589,-0.0625,-0.5,-0.6875
1183284616,0.125,-0.625,-0.375
1183284616,0.25,-0.8125,-0.1875
1183284647,-0.4375,-0.6875,-0.125
1183284676,-0.375,-0.875,-0.0625
1183284678,0.5625,-1.125,-0.3125
1183284707,0.875,-1.0625,-0.375
1183284736,0.0,-1.0,-0.0625
1183284736,-0.1875,-1.0625,0.125
1183284767,0.75,-1.1875,0.125
1183284796,0.0,-0.9375,-0.5
1183284798,0.25,-0.875,-0.75
1183284827,-0.25,-0.625,-0.6875
1183284857,-0.5625,-0.625,-0.375
1183284858,0.125,-0.6875,-0.25
1183284886,0.0625,-0.4375,-0.125
1183284918,-0.0625,-0.375,-0.25
1183284920,0.125,-0.3125,-0.75
1183284946,0.375,-0.125,-0.8125
1183284975,-0.1875,-0.0625,-0.6875
1183284976,0.0,0.0625,-0.9375
1183285005,0.4375,0.0625,-1.125
1183285036,-0.25,0.0625,-1.125
1183285038,-0.125,-0.125,-1.0625
1183285067,-0.5625,-0.25,-1.0625
1183285099,-0.3125,-0.5625,-1.0625
1183285100,0.0625,-0.625,-0.8125
1183285129,-0.0625,-0.5,-0.625
1183285158,0.125,-0.5625,-0.3125
1183285159,0.5,-0.8125,-0.3125
1183285187,0.6875,-1.0625,-0.5625
1183285216,0.5625,-1.25,-0.75
1183285218,0.625,-0.875,-0.75
1183285247,0.125,-0.4375,-0.3125
1183285279,0.0,-0.25,-0.0625
1183285279,0.6875,-0.4375,-0.4375
1183285337,0.25,-0.4375,-0.75
1183285338,0.375,-0.25,-0.625
1183285338,0.3125,0.0625,-0.5
1183285366,0.5,0.4375,-0.4375
1183285397,0.375,0.5,-0.125
1183285399,0.6875,0.8125,0.0625
1183285427,0.1875,1.25,0.25
1183285457,0.25,1.25,0.6875
1183285458,0.3125,0.9375,0.5
1183285486,-0.3125,0.75,0.4375
1183285517,-0.25,0.6875,0.3125
1183285517,0.125,0.5625,0.25
1183285547,-0.625,0.25,0.25
1183285576,0.0625,-0.0625,0.625
1183285576,0.4375,-0.6875,1.0625
1183285606,0.25,-0.875,1.25
1183285636,1.125,-0.9375,1.4375
1183285638,0.5625,-0.875,0.75
1183285667,0.5,-0.6875,0.25
1183285696,-0.125,-0.75,0.3125
1183285697,-0.75,-1.125,0.8125
1183285728,-0.6875,-1.375,1.25
1183285758,-0.5,-1.375,1.0
1183285758,-0.0625,-1.375,0.6875
1183285787,-0.5,-1.0625,0.4375
1183285817,-0.1875,-0.6875,0.5
1183285818,0.4375,-0.5625,0.1875
1183285847,1.0625,-0.375,0.25
1183285877,0.375,0.125,0.5
1183285877,-0.625,0.5,0.75
1183285906,-0.4375,0.625,0.3125
1183285936,0.0,1.0,0.0
1183285938,-0.125,0.75,0.5625
1183285966,-0.9375,0.5,0.5625
1183285996,-1.125,0.4375,0.75
1183285997,-0.625,0.0625,0.125
1183286026,-0.3125,-0.1875,-0.0625
1183286057,-0.75,0.0,0.1875
1183286058,-0.4375,-0.0625,0.25
1183286087,0.1875,-0.6875,0.1875
1183286117,0.375,-1.5,0.25
1183286117,0.875,-1.5,0.125
1183286148,0.1875,-1.125,-0.125
1183286182,-0.5625,-0.625,-0.125
1183286183,-0.6875,-0.3125,-0.5
1183286240,-0.4375,-0.125,-0.375
1183286241,-0.9375,-0.375,-0.4375
1183286242,-0.5625,-0.3125,-0.1875
1183286267,-0.625,-0.0625,-0.125
1183286297,-0.25,-0.0625,-0.25
1183286298,0.25,0.0625,-0.5
1183286327,-0.4375,-0.0625,-0.75
1183286362,-0.625,-0.5,-0.5
1183286362,-0.5,-0.6875,-0.625
1183286385,-0.5625,-0.625,-0.5
1183286417,0.0625,-0.5625,-0.3125
1183286417,0.375,-0.625,-0.4375
1183286447,-0.0625,-0.625,-0.3125
1183286476,-0.6875,-0.625,-0.6875
1183286476,-0.875,-0.3125,-1.0
1183286506,-0.1875,-0.3125,-0.75
1183286535,-0.5,-0.25,-0.375
1183286535,-1.0625,-0.0625,-0.125
1183286565,-0.625,-0.1875,-0.125
1183286597,-0.8125,-0.0625,-0.125
1183286627,-0.625,-0.0625,-0.375
1183286629,-0.4375,-0.0625,-0.5625
1183286658,-1.0,0.0625,-0.4375
1183286659,-1.125,0.25,-0.375
1183286687,-0.625,0.4375,-0.25
1183286716,-0.0625,0.25,-0.125
1183286716,-0.25,0.3125,0.1875
1183286746,-0.0625,0.5,0.5
1183286777,0.5,0.5,1.1875
1183286778,0.6875,0.5,2.4375
1183286807,0.75,0.625,2.9375
1183286870,1.4375,1.0,2.625
1183286870,1.5625,0.9375,1.6875
1183286871,-0.0625,0.6875,1.25
1183286896,-1.0625,1.3125,1.3125
1183286897,-1.0,1.4375,1.3125
1183286927,-0.75,1.4375,1.4375
1183286957,-1.625,1.4375,1.625
1183286957,-1.8125,1.25,1.75
1183286987,-2.0,1.125,1.5625
1183287017,-1.625,1.375,1.4375
1183287017,-2.375,1.1875,0.5625
1183287048,-2.25,1.125,-0.625
1183287076,-2.375,0.9375,-1.4375
1183287078,-2.25,0.5625,-1.4375
1183287107,-2.1875,0.0625,-1.625
1183287137,-2.0,-0.125,-1.75
1183287137,-1.3125,-0.125,-1.8125
1183287167,-0.875,-0.25,-2.375
1183287198,-0.8125,-0.25,-2.5
1183287198,-1.375,-0.375,-3.0625
1183287229,-1.625,-0.25,-3.0625
1183287256,-1.125,-0.25,-3.1875
1183287256,-1.125,-0.25,-3.1875
1183287286,-0.5,-0.4375,-2.9375
1183287317,-1.125,-0.375,-2.5625
1183287318,-1.375,-0.6875,-1.8125
1183287348,-1.4375,-0.6875,-1.5625
1183287377,-1.5625,-0.75,-1.1875
1183287377,-1.1875,-1.0,-0.75
1183287407,-0.5,-0.75,-0.625
1183287437,-0.625,-1.0625,-0.375
1183287437,-0.75,-1.375,-0.0625
1183287467,0.1875,-1.3125,0.125
1183287529,-0.125,-0.8125,0.3125
1183287530,0.125,-0.5625,0.1875
1183287531,-0.25,-0.75,-0.1875
1183287558,-0.25,-0.5,-0.1875
1183287588,0.25,-0.375,-0.1875
1183287588,0.75,-0.5625,-0.25
1183287618,1.0625,-1.375,-0.25
1183287618,1.0625,-1.375,-0.25
1183287647,1.625,-1.5,0.0
1183287677,2.1875,-1.375,-0.625
1183287677,2.3125,-0.75,-1.0625
1183287707,1.9375,-0.625,-1.1875
1183287737,1.625,-0.75,-1.25
1183287737,1.0,-0.5625,-1.3125
1183287767,0.6875,-0.375,-1.0625
1183287797,1.0625,-0.4375,-1.5625
1183287828,1.625,-0.3125,-1.4375
1183287828,0.9375,-0.1875,-1.3125
1183287857,1.1875,-0.125,-1.375
1183287885,1.3125,-0.0625,-1.4375
1183287886,0.5625,-0.0625,-1.8125
1183287916,0.4375,0.0625,-1.875
1183287945,0.9375,0.125,-1.9375
1183287945,1.8125,0.0,-1.8125
1183287977,2.1875,-0.1875,-1.3125
1183288005,1.9375,-0.3125,-0.6875
1183288005,1.5625,-0.0625,-0.25
1183288036,2.0,0.125,-0.4375
1183288066,1.4375,0.1875,-1.0
1183288097,0.8125,0.3125,-0.75
1183288127,0.8125,0.3125,-0.75
1183288127,1.6875,0.375,-0.5625
1183288128,1.75,0.4375,-0.125
1183288174,1.625,0.375,0.375
1183288185,1.6875,0.3125,0.8125
1183288186,1.0,0.0625,1.1875
1183288217,0.375,0.1875,1.25
1183288248,-0.3125,0.0625,0.875
1183288248,-0.9375,-0.125,1.0625
1183288279,-1.125,-0.25,1.125
1183288339,-0.9375,-0.5,1.1875
1183288340,0.4375,-1.125,1.125
1183288341,0.5625,-1.6875,1.3125
1183288367,-0.1875,-1.625,1.25
1183288368,0.75,-1.5,0.9375
1183288401,1.5,-1.3125,0.25
1183288425,0.8125,-0.4375,-0.3125
1183288426,-0.25,0.375,-0.5625
1183288456,-1.125,0.625,-0.4375
1183288485,-1.9375,0.6875,-0.5625
1183288485,-2.8125,0.625,-0.6875
1183288516,-3.5625,0.25,-0.6875
1183288546,-3.8125,-0.25,-0.3125
1183288548,-2.625,-1.125,0.5
1183288577,-1.5,-1.625,1.3125
1183288607,-0.8125,-2.1875,1.625
1183288607,0.5,-2.0,1.375
1183288636,1.0625,-1.5,1.0625
1183288667,0.4375,-1.0,1.0625
1183288668,0.5625,-0.0625,0.5
1183288697,-0.25,0.125,0.125
1183288727,-1.5625,0.375,0.125
1183288729,-2.6875,0.4375,0.375
1183288757,-3.0625,0.3125,0.5625
1183288787,-3.1875,0.3125,0.6875
1183288787,-3.1875,0.5625,0.75
1183288817,-2.375,0.75,-0.375
1183288847,-1.75,1.0,-1.0
1183288847,-2.0625,1.5,-1.0
1183288877,-1.5,1.4375,-0.6875
1183288907,-0.9375,1.1875,-0.625
1183288909,-0.6875,0.625,-0.5625
1183288938,-1.875,0.375,-0.3125
1183288967,-2.8125,0.8125,-0.5
1183288968,-2.375,0.875,-1.25
1183288998,-1.875,1.0,-1.3125
1183289026,-2.0,0.875,-0.875
1183289028,-1.4375,0.5625,-1.125
1183289057,-1.0,0.125,-1.6875
1183289087,-1.3125,-0.4375,-1.625
1183289088,-1.9375,-0.375,-1.125
1183289118,-2.6875,-0.0625,-0.1875
1183289146,-2.4375,0.0,0.0625
1183289146,-0.4375,0.125,-1.1875
1183289178,1.5,-0.0625,-1.9375
1183289206,0.875,-0.0625,-2.0625
1183289208,0.375,0.0625,-1.375
1183289237,-0.5,0.0625,-0.8125
1183289266,-1.125,0.0,-0.625
1183289267,-1.625,-0.125,-0.1875
1183289297,-1.75,-0.375,0.25
1183289326,-1.1875,-1.0,0.0
1183289328,-0.6875,-1.125,-0.4375
1183289356,-0.1875,-1.0625,-1.0625
1183289387,1.0625,-0.75,-0.8125
1183289388,1.5,-0.3125,-0.375
1183289417,0.75,-0.125,0.1875
1183289446,1.125,-0.5,-0.125
1183289448,0.5625,-0.3125,-0.9375
1183289476,0.0625,-0.125,-0.8125
1183289507,-0.0625,-0.0625,-0.1875
1183289508,0.1875,-0.4375,0.5625
1183289537,-0.375,-0.25,0.625
1183289567,-0.3125,-0.1875,0.0
1183289568,0.5,-0.25,-1.0625
1183289598,0.5625,-0.3125,-1.9375
1183289627,1.0,-0.6875,-2.1875
1183289627,1.375,-1.3125,-1.9375
1183289657,1.9375,-1.9375,-1.5625
1183289687,1.5,-2.625,-1.8125
1183289687,1.3125,-2.6875,-2.0
1183289717,1.625,-2.5625,-2.375
1183289718,2.1875,-2.4375,-2.5625
1183289747,1.25,-2.3125,-2.6875
1183289777,0.25,-2.375,-2.25
1183289778,0.6875,-2.375,-1.8125
1183289807,1.8125,-2.0625,-1.6875
1183289837,2.0625,-1.4375,-1.5625
1183289838,1.4375,-0.75,-1.4375
1183289866,0.25,-0.5625,-1.0625
1183289896,-0.3125,-0.0625,-0.625
1183289897,-0.25,0.4375,0.0625
1183289927,-0.3125,0.25,0.75
1183289958,-0.75,0.25,1.1875
1183289959,-0.625,0.125,1.375
1183289987,0.6875,0.0,1.3125
1183290016,1.125,-0.125,0.9375
1183290017,1.125,-0.5625,1.0
1183290046,1.125,-0.8125,1.25
1183290076,0.75,-0.625,1.0
1183290078,0.8125,-0.4375,1.0625
1183290107,1.25,-0.25,1.375
1183290137,1.25,0.125,1.25
1183290138,0.25,0.0625,0.9375
1183290167,-0.5,0.3125,0.625
1183290198,0.0625,0.125,0.1875
1183290199,-0.375,0.0,-0.1875
1183290227,-0.875,0.3125,0.25
1183290258,-0.6875,0.3125,0.1875
1183290260,0.5625,0.25,-0.25
1183290287,-0.1875,0.625,-0.75
1183290316,-1.25,0.875,-0.3125
1183290319,-1.625,1.0,-0.3125
1183290376,-1.125,1.0625,-0.625
1183290376,-1.625,1.25,-0.5625
1183290376,-1.625,1.25,-0.5625
1183290406,-2.3125,1.3125,-0.5
1183290436,-2.125,1.0625,-0.4375
1183290437,-1.9375,0.8125,-0.8125
1183290467,-1.375,0.25,-0.625
1183290497,-1.125,-0.1875,-0.1875
1183290498,-0.5,-0.375,0.25
1183290527,-0.4375,-0.25,-0.125
1183290556,-0.6875,-0.1875,-0.6875
1183290557,-0.9375,-0.1875,-1.0625
1183290585,-0.4375,-0.5,-1.3125
1183290617,-0.875,-0.1875,-1.3125
1183290618,-1.5625,-0.0625,-1.0
1183290647,-1.875,0.0,-0.8125
1183290677,-1.125,0.0625,-0.3125
1183290677,-1.5,-0.0625,-0.3125
1183290707,-1.875,-0.0625,-0.375
1183290737,-1.375,0.0625,-0.8125
1183290738,-0.9375,-0.0625,-1.6875
1183290767,-1.1875,0.25,-1.75
1183290797,-1.75,0.5,-1.6875
1183290798,-2.1875,0.1875,-1.375
1183290827,-1.3125,0.1875,-1.0625
1183290857,-1.125,0.25,-1.1875
1183290859,-0.875,0.1875,-1.3125
1183290888,-1.125,0.0625,-1.1875
1183290916,-1.625,-0.0625,-0.9375
1183290918,-1.75,0.0625,-1.125
1183290946,-1.0625,-0.0625,-1.375
1183290976,-0.6875,-0.0625,-1.5
1183290978,-0.4375,-0.125,-1.5
1183291007,-0.25,-0.25,-1.1875
1183291037,-0.9375,-0.3125,-1.1875
1183291037,-0.625,-0.375,-1.5625
1183291066,-0.4375,-0.5,-1.6875
1183291097,-0.9375,-0.4375,-1.3125
1183291098,-0.75,-0.3125,-0.9375
1183291127,0.375,-0.3125,-0.75
1183291157,0.5625,-0.6875,-0.75
1183291157,-0.4375,-0.9375,0.0
1183291187,-0.5625,-0.875,0.0
1183291216,0.125,-0.6875,-0.0625
1183291217,0.5,-0.75,-0.375
1183291247,0.125,-0.25,-0.25
1183291277,-0.75,-0.125,0.0625
1183291277,-0.25,-0.5,0.0625
1183291307,0.0625,-0.5,-0.6875
1183291336,-0.375,-0.375,-0.8125
1183291338,-0.375,-0.3125,-0.125
1183291367,-0.5625,-0.375,0.125
1183291397,0.3125,-0.5,-0.0625
1183291398,0.4375,-0.5625,-0.6875
1183291427,0.5625,-0.4375,-1.0
1183291456,-0.25,-0.375,-0.6875
1183291457,-0.125,-0.5,-0.4375
1183291487,0.125,-0.5625,-0.5
1183291517,0.6875,-0.8125,-0.375
1183291517,-0.4375,-0.9375,-0.5
1183291546,-0.3125,-1.125,-0.4375
1183291576,0.4375,-1.1875,0.0625
1183291576,0.4375,-1.1875,0.0625
1183291605,0.0625,-1.0625,0.1875
1183291638,-0.125,-0.8125,0.375
1183291638,-0.0625,-0.75,0.0
1183291666,0.3125,-0.875,-0.1875
1183291697,0.0,-0.6875,-0.125
1183291699,0.0,-0.75,0.0625
1183291727,-0.3125,-0.5,0.0625
1183291758,-0.375,-0.5625,0.125
1183291758,-0.625,-0.5,0.1875
1183291787,-0.375,-0.3125,0.0
1183291817,0.375,-0.3125,-0.4375
1183291818,0.125,-0.25,-0.6875
1183291847,-0.0625,-0.1875,-0.375
1183291877,-0.1875,-0.0625,-0.25
1183291878,0.6875,-0.25,-0.0625
1183291907,0.875,-0.25,-0.4375
1183291937,0.1875,-0.0625,-0.375
1183291939,-0.5625,0.0625,-0.4375
1183291966,-0.1875,0.125,-0.5625
1183291996,-0.0625,0.0,-0.875
1183291998,-0.3125,0.0,-0.4375
1183292028,-0.25,-0.0625,-0.5
1183292058,0.25,-0.0625,-0.5
1183292058,0.625,-0.625,-0.5
1183292088,1.375,-0.75,-0.25
1183292117,1.0,-1.0,-0.625
1183292118,0.6875,-0.6875,-0.4375
1183292147,1.0,-0.5625,-0.625
1183292177,0.8125,-0.5,-0.4375
1183292177,0.125,-0.4375,-0.4375
1183292207,0.1875,-0.4375,-0.125
1183292237,-0.3125,-0.5,0.1875
1183292238,-0.5625,-0.4375,0.5
1183292267,0.0,-0.4375,0.5625
1183292298,0.625,-0.0625,0.5
1183292300,1.125,0.0625,0.25
1183292327,0.6875,0.25,0.0625
1183292357,0.6875,0.25,0.375
1183292358,0.5,0.1875,0.25
1183292387,0.375,0.625,0.3125
1183292417,-0.125,0.5625,0.5
1183292421,-0.3125,0.25,0.5625
1183292445,-0.375,0.375,0.75
1183292476,0.4375,0.25,0.4375
1183292476,0.4375,0.25,0.4375
1183292506,1.0625,-0.375,0.125
1183292538,0.4375,-0.5,0.3125
1183292538,0.625,-0.3125,0.875
1183292567,0.625,-0.0625,0.75
1183292597,0.625,0.1875,0.4375
1183292598,0.5,0.4375,0.5625
1183292657,-0.0625,0.75,0.6875
1183292687,-0.1875,0.875,0.625
1183292688,0.375,1.3125,0.5
1183292688,0.1875,1.8125,0.1875
1183292718,0.1875,2.625,0.0625
1183292720,0.5,2.875,-0.125
1183292747,0.0625,3.0,-0.75
1183292777,-0.1875,3.0625,-1.1875
1183292778,-0.1875,2.875,-1.125
1183292807,-0.1875,2.75,-0.5625
1183292838,-0.375,2.5625,-0.1875
1183292839,0.3125,1.8125,-0.25
1183292867,1.125,1.125,-0.3125
1183292898,1.0,0.6875,-0.1875
1183292899,0.5,0.0,-0.25
1183292927,0.5625,-0.375,-0.5625
1183292957,0.625,-0.5,-0.875
1183292958,1.0,-0.8125,-0.875
1183292985,0.5625,-0.9375,-0.625
1183293017,-0.125,-1.1875,-0.125
1183293019,-0.125,-1.25,0.3125
1183293046,-0.8125,-0.9375,0.375
1183293078,-1.1875,-0.75,0.875
1183293078,-1.8125,-0.625,0.75
1183293107,-1.5,-0.3125,0.9375
1183293136,-1.0625,-0.375,0.8125
1183293138,-0.0625,-0.4375,0.875
1183293166,-1.0,-0.9375,1.125
1183293196,-0.5625,-1.125,1.4375
1183293198,0.125,-0.8125,1.875
1183293227,0.5,-0.625,1.5625
1183293257,0.125,-0.1875,1.0
1183293258,-0.3125,0.1875,0.6875
1183293288,-0.5625,0.375,0.625
1183293317,-1.3125,0.3125,0.6875
1183293318,-1.25,0.0625,0.625
1183293348,-1.125,0.25,0.625
1183293377,-0.5625,0.625,0.5625
1183293377,-0.6875,0.75,0.375
1183293407,-0.9375,0.25,0.5
1183293437,-0.875,0.125,0.75
1183293438,-0.625,0.1875,0.8125
1183293470,-0.3125,-0.1875,0.875
1183293501,0.125,-0.25,0.875
1183293501,-0.3125,-0.25,0.875
1183293528,-1.0,-0.125,0.625
1183293556,-0.875,0.0,0.4375
1183293558,-0.25,-0.3125,0.1875
1183293586,-1.1875,-0.4375,0.0625
1183293617,-1.0625,-0.125,0.3125
1183293617,-0.5,-0.5,0.25
1183293647,-0.4375,-0.3125,0.25
1183293676,-1.0,-0.3125,0.3125
1183293677,-1.0,-0.375,0.25
1183293706,-0.875,-0.75,0.1875
1183293737,-0.375,-0.6875,0.125
1183293737,-0.75,-0.625,0.0625
1183293767,-1.3125,-0.25,-0.0625
1183293797,-2.25,0.25,-0.375
1183293797,-2.125,0.8125,-0.625
1183293827,-2.3125,0.375,-1.5625
1183293857,-3.0,0.6875,-0.9375
1183293858,-3.5625,0.9375,-0.25
1183293885,-3.625,0.5,0.125
1183293915,-3.4375,0.5,-0.1875
1183293916,-4.3125,0.25,-0.5
1183293946,-4.1875,0.0,-0.25
1183293976,-0.9375,-1.0,-0.4375
1183293977,-1.625,-1.75,0.5
1183294005,-3.1875,-1.875,1.9375
1183294037,-1.125,-1.875,2.375
1183294038,1.875,-2.4375,1.875
1183294069,2.3125,-2.1875,2.375
1183294095,-0.1875,-1.4375,2.875
1183294096,-0.9375,-0.9375,3.0625
1183294125,-0.3125,-0.375,2.6875
1183294155,0.1875,0.0625,2.9375
1183294156,0.75,0.75,2.875
1183294187,1.0,0.75,2.75
1183294217,-1.375,1.375,3.8125
1183294219,-2.1875,1.375,3.6875
1183294247,0.0625,1.25,2.9375
1183294277,3.125,0.4375,2.6875
1183294277,2.125,0.125,3.75
1183294305,-0.125,0.25,4.3125
1183294366,2.25,-0.3125,2.75
1183294366,2.25,-0.3125,2.75
1183294367,2.9375,-0.4375,2.75
