#t,x,y,z,w
1183270333,0.0831298828125,0.03045654296875,0.13238525390625,0.9871826171875
1183270334,0.0831298828125,0.03045654296875,0.13238525390625,0.9871826171875
1183270334,0.0831298828125,0.03045654296875,0.13238525390625,0.9871826171875
1183270334,0.0831298828125,0.03045654296875,0.13238525390625,0.9871826171875
1183270334,0.0831298828125,0.03045654296875,0.13238525390625,0.9871826171875
1183270334,0.0831298828125,0.03045654296875,0.13238525390625,0.9871826171875
1183270334,0.0831298828125,0.03045654296875,0.13238525390625,0.9871826171875
1183270334,0.0831298828125,0.03045654296875,0.13238525390625,0.9871826171875
1183270334,0.0831298828125,0.03045654296875,0.13238525390625,0.9871826171875
1183270334,0.0831298828125,0.03045654296875,0.13238525390625,0.9871826171875
1183270335,0.0831298828125,0.03045654296875,0.13238525390625,0.9871826171875
1183270335,0.0831298828125,0.03045654296875,0.13238525390625,0.9871826171875
1183270335,0.0831298828125,0.03045654296875,0.13238525390625,0.9871826171875
1183270335,0.0831298828125,0.03045654296875,0.13238525390625,0.9871826171875
1183270335,0.0831298828125,0.03045654296875,0.13238525390625,0.9871826171875
1183270335,0.0831298828125,0.03045654296875,0.13238525390625,0.9871826171875
1183270335,0.0831298828125,0.03045654296875,0.13238525390625,0.9871826171875
1183270335,0.0831298828125,0.03045654296875,0.13238525390625,0.9871826171875
1183270335,0.0831298828125,0.03045654296875,0.13238525390625,0.9871826171875
1183270335,0.0831298828125,0.03045654296875,0.13238525390625,0.9871826171875
1183270335,0.0831298828125,0.03045654296875,0.13238525390625,0.9871826171875
1183270335,0.0831298828125,0.03045654296875,0.13238525390625,0.9871826171875
1183270335,0.0831298828125,0.03045654296875,0.13238525390625,0.9871826171875
1183270335,0.0831298828125,0.03045654296875,0.13238525390625,0.9871826171875
1183270335,0.0831298828125,0.03045654296875,0.13238525390625,0.9871826171875
1183270336,0.0831298828125,0.03045654296875,0.13238525390625,0.9871826171875
1183270336,0.0831298828125,0.03045654296875,0.13238525390625,0.9871826171875
1183270336,0.0831298828125,0.03045654296875,0.13238525390625,0.9871826171875
1183270375,0.08355712890625,0.03070068359375,0.1319580078125,0.9871826171875
1183270375,0.08355712890625,0.03070068359375,0.1319580078125,0.9871826171875
1183270375,0.08355712890625,0.03070068359375,0.1319580078125,0.9871826171875
1183270411,0.084228515625,0.031005859375,0.1314697265625,0.9871826171875
1183270411,0.084228515625,0.031005859375,0.1314697265625,0.9871826171875
1183270429,0.08428955078125,0.031005859375,0.1314697265625,0.9871826171875
1183270455,0.08428955078125,0.031005859375,0.1314697265625,0.9871826171875
1183270455,0.08447265625,0.03118896484375,0.1314697265625,0.9871826171875
1183270485,0.08477783203125,0.0313720703125,0.13128662109375,0.9871826171875
1183270515,0.08514404296875,0.031494140625,0.13116455078125,0.9871826171875
1183270515,0.08538818359375,0.0316162109375,0.1309814453125,0.9871826171875
1183270545,0.085693359375,0.03173828125,0.13079833984375,0.9871826171875
1183270576,0.0860595703125,0.03179931640625,0.13055419921875,0.98712158203125
1183270577,0.08648681640625,0.03192138671875,0.13037109375,0.98712158203125
1183270612,0.0867919921875,0.0321044921875,0.13018798828125,0.98712158203125
1183270669,0.0870361328125,0.03228759765625,0.1298828125,0.98712158203125
1183270669,0.08740234375,0.032470703125,0.12957763671875,0.98712158203125
1183270669,0.08758544921875,0.03271484375,0.12933349609375,0.98712158203125
1183270697,0.08758544921875,0.03271484375,0.12933349609375,0.98712158203125
1183270697,0.08758544921875,0.03271484375,0.12933349609375,0.98712158203125
1183270727,0.0877685546875,0.03302001953125,0.12921142578125,0.98712158203125
1183270759,0.0877685546875,0.03302001953125,0.12921142578125,0.98712158203125
1183270759,0.0877685546875,0.03302001953125,0.12921142578125,0.98712158203125
1183270787,0.0877685546875,0.0330810546875,0.12921142578125,0.98712158203125
1183270820,0.088134765625,0.0333251953125,0.129150390625,0.98712158203125
1183270820,0.088134765625,0.0333251953125,0.129150390625,0.98712158203125
1183270847,0.08831787109375,0.0335693359375,0.129150390625,0.987060546875
1183270878,0.08831787109375,0.03363037109375,0.129150390625,0.987060546875
1183270880,0.088623046875,0.03387451171875,0.12921142578125,0.987060546875
1183270907,0.088623046875,0.03387451171875,0.12921142578125,0.98699951171875
1183270935,0.088623046875,0.033935546875,0.12921142578125,0.98699951171875
1183270938,0.088623046875,0.033935546875,0.12921142578125,0.98699951171875
1183270965,0.08892822265625,0.03399658203125,0.12939453125,0.98699951171875
1183270996,0.08929443359375,0.03399658203125,0.12957763671875,0.9869384765625
1183270998,0.08966064453125,0.03399658203125,0.12982177734375,0.98687744140625
1183271027,0.09002685546875,0.03399658203125,0.1300048828125,0.98681640625
1183271057,0.09033203125,0.03411865234375,0.13018798828125,0.98675537109375
1183271057,0.09033203125,0.0341796875,0.13018798828125,0.98675537109375
1183271115,0.09039306640625,0.0341796875,0.13018798828125,0.98675537109375
1183271115,0.09039306640625,0.0341796875,0.13018798828125,0.98675537109375
1183271116,0.09039306640625,0.03424072265625,0.13018798828125,0.98675537109375
1183271146,0.09039306640625,0.03424072265625,0.13018798828125,0.98675537109375
1183271178,0.0904541015625,0.03424072265625,0.13018798828125,0.9866943359375
1183271178,0.0904541015625,0.0343017578125,0.13018798828125,0.9866943359375
1183271206,0.0904541015625,0.0343017578125,0.13018798828125,0.9866943359375
1183271237,0.09075927734375,0.03424072265625,0.12994384765625,0.9866943359375
1183271239,0.09088134765625,0.0341796875,0.12969970703125,0.98675537109375
1183271267,0.09088134765625,0.03424072265625,0.12969970703125,0.98675537109375
1183271297,0.0909423828125,0.03424072265625,0.12969970703125,0.98675537109375
1183271298,0.0909423828125,0.03424072265625,0.12969970703125,0.98675537109375
1183271327,0.0909423828125,0.0343017578125,0.12969970703125,0.98675537109375
1183271357,0.09100341796875,0.034423828125,0.1295166015625,0.98675537109375
1183271357,0.09100341796875,0.034423828125,0.1295166015625,0.98675537109375
1183271387,0.09100341796875,0.034423828125,0.1295166015625,0.98675537109375
1183271417,0.091064453125,0.034423828125,0.1295166015625,0.98675537109375
1183271421,0.091064453125,0.034423828125,0.1295166015625,0.98675537109375
1183271449,0.09112548828125,0.034423828125,0.1295166015625,0.98675537109375
1183271476,0.09100341796875,0.0345458984375,0.12945556640625,0.98675537109375
1183271476,0.09088134765625,0.03466796875,0.12933349609375,0.98675537109375
1183271508,0.09063720703125,0.03466796875,0.129150390625,0.98681640625
1183271538,0.09051513671875,0.03472900390625,0.12890625,0.98687744140625
1183271538,0.09051513671875,0.03472900390625,0.12860107421875,0.9869384765625
1183271567,0.09051513671875,0.0347900390625,0.1282958984375,0.9869384765625
1183271596,0.09039306640625,0.03485107421875,0.1280517578125,0.98699951171875
1183271596,0.09039306640625,0.03485107421875,0.1280517578125,0.98699951171875
1183271626,0.09027099609375,0.0347900390625,0.1279296875,0.98699951171875
1183271657,0.0902099609375,0.03466796875,0.12786865234375,0.98699951171875
1183271657,0.09027099609375,0.03448486328125,0.12786865234375,0.987060546875
1183271686,0.09033203125,0.034423828125,0.1279296875,0.98699951171875
1183271717,0.09033203125,0.034423828125,0.1279296875,0.98699951171875
1183271717,0.09033203125,0.03448486328125,0.1279296875,0.98699951171875
1183271747,0.09033203125,0.03448486328125,0.1279296875,0.98699951171875
1183271810,0.09033203125,0.03448486328125,0.1279296875,0.98699951171875
1183271810,0.09033203125,0.0345458984375,0.1279296875,0.98699951171875
1183271810,0.09014892578125,0.03472900390625,0.12811279296875,0.98699951171875
1183271837,0.09002685546875,0.0350341796875,0.1282958984375,0.98699951171875
1183271837,0.08990478515625,0.035400390625,0.1285400390625,0.9869384765625
1183271867,0.08984375,0.0357666015625,0.12884521484375,0.98687744140625
1183271895,0.0897216796875,0.03594970703125,0.12957763671875,0.98681640625
1183271896,0.0897216796875,0.03594970703125,0.12957763671875,0.98681640625
1183271925,0.08984375,0.0362548828125,0.12994384765625,0.98675537109375
1183271957,0.08978271484375,0.03662109375,0.1302490234375,0.9866943359375
1183271957,0.08984375,0.036865234375,0.1304931640625,0.98663330078125
1183271991,0.0899658203125,0.03729248046875,0.1307373046875,0.986572265625
1183272017,0.0899658203125,0.03765869140625,0.131103515625,0.98651123046875
1183272018,0.09002685546875,0.0382080078125,0.13134765625,0.9864501953125
1183272046,0.08978271484375,0.0386962890625,0.13153076171875,0.9864501953125
1183272077,0.08966064453125,0.039306640625,0.13165283203125,0.98638916015625
1183272077,0.0894775390625,0.03985595703125,0.13165283203125,0.98638916015625
1183272108,0.08953857421875,0.04034423828125,0.13165283203125,0.98638916015625
1183272137,0.089599609375,0.0406494140625,0.131591796875,0.98638916015625
1183272138,0.089599609375,0.0406494140625,0.131591796875,0.98638916015625
1183272165,0.089599609375,0.0406494140625,0.131591796875,0.98638916015625
1183272258,0.089599609375,0.0406494140625,0.131591796875,0.98638916015625
1183272259,0.089599609375,0.04058837890625,0.13140869140625,0.98638916015625
1183272259,0.089599609375,0.04058837890625,0.13140869140625,0.98638916015625
1183272260,0.08935546875,0.04046630859375,0.13134765625,0.9864501953125
1183272260,0.08917236328125,0.0404052734375,0.13140869140625,0.9864501953125
1183272287,0.0889892578125,0.040283203125,0.13140869140625,0.9864501953125
1183272317,0.08868408203125,0.04010009765625,0.13134765625,0.98651123046875
1183272317,0.0885009765625,0.039794921875,0.13134765625,0.98651123046875
1183272347,0.08843994140625,0.03948974609375,0.13134765625,0.986572265625
1183272377,0.0882568359375,0.03912353515625,0.13134765625,0.986572265625
1183272377,0.08807373046875,0.038818359375,0.13134765625,0.98663330078125
1183272407,0.088134765625,0.03857421875,0.1312255859375,0.98663330078125
1183272437,0.08807373046875,0.03839111328125,0.1312255859375,0.98663330078125
1183272437,0.08807373046875,0.03839111328125,0.1312255859375,0.98663330078125
1183272472,0.08795166015625,0.038330078125,0.131103515625,0.9866943359375
1183272499,0.0877685546875,0.03839111328125,0.13104248046875,0.9866943359375
1183272527,0.08740234375,0.03851318359375,0.13104248046875,0.98675537109375
1183272527,0.08697509765625,0.03863525390625,0.13104248046875,0.98675537109375
1183272557,0.08660888671875,0.03875732421875,0.1309814453125,0.98681640625
1183272586,0.08612060546875,0.0389404296875,0.130859375,0.98681640625
1183272587,0.085693359375,0.03900146484375,0.1307373046875,0.98687744140625
1183272616,0.08538818359375,0.03900146484375,0.13067626953125,0.9869384765625
1183272647,0.085205078125,0.0390625,0.1307373046875,0.9869384765625
1183272648,0.0850830078125,0.03924560546875,0.13079833984375,0.9869384765625
1183272677,0.08489990234375,0.0394287109375,0.13079833984375,0.9869384765625
1183272706,0.08489990234375,0.0394287109375,0.13079833984375,0.9869384765625
1183272707,0.08489990234375,0.0394287109375,0.13079833984375,0.9869384765625
1183272737,0.08489990234375,0.03948974609375,0.13067626953125,0.9869384765625
1183272767,0.08465576171875,0.03955078125,0.130615234375,0.98699951171875
1183272768,0.08441162109375,0.03955078125,0.13055419921875,0.98699951171875
1183272797,0.084228515625,0.03955078125,0.1304931640625,0.987060546875
1183272826,0.08392333984375,0.03948974609375,0.1302490234375,0.987060546875
1183272828,0.08392333984375,0.0394287109375,0.1300048828125,0.98712158203125
1183272857,0.08404541015625,0.0394287109375,0.12969970703125,0.9871826171875
1183272886,0.0841064453125,0.039306640625,0.12945556640625,0.9871826171875
1183272917,0.083984375,0.0391845703125,0.1292724609375,0.98724365234375
1183272920,0.08404541015625,0.0390625,0.12896728515625,0.98724365234375
1183272946,0.0841064453125,0.0389404296875,0.12872314453125,0.9873046875
1183272948,0.08404541015625,0.03900146484375,0.12841796875,0.98736572265625
1183272975,0.0838623046875,0.0389404296875,0.128173828125,0.98736572265625
1183273005,0.08367919921875,0.03900146484375,0.1279296875,0.9874267578125
1183273006,0.08349609375,0.03900146484375,0.127685546875,0.98748779296875
1183273035,0.08349609375,0.03887939453125,0.12744140625,0.987548828125
1183273065,0.08349609375,0.03887939453125,0.12738037109375,0.987548828125
1183273065,0.08331298828125,0.0386962890625,0.12725830078125,0.987548828125
1183273095,0.08331298828125,0.0386962890625,0.12725830078125,0.987548828125
1183273125,0.0833740234375,0.03875732421875,0.12725830078125,0.987548828125
1183273126,0.08331298828125,0.03875732421875,0.12725830078125,0.987548828125
1183273156,0.08331298828125,0.03875732421875,0.12725830078125,0.987548828125
1183273187,0.0833740234375,0.03875732421875,0.12725830078125,0.987548828125
1183273188,0.0833740234375,0.038818359375,0.12725830078125,0.987548828125
1183273216,0.0833740234375,0.038818359375,0.12725830078125,0.987548828125
1183273246,0.0833740234375,0.03887939453125,0.12725830078125,0.987548828125
1183273248,0.08343505859375,0.03887939453125,0.12725830078125,0.987548828125
1183273278,0.08343505859375,0.0389404296875,0.12725830078125,0.987548828125
1183273307,0.08349609375,0.0389404296875,0.12725830078125,0.987548828125
1183273307,0.08349609375,0.03900146484375,0.12725830078125,0.987548828125
1183273337,0.08380126953125,0.03900146484375,0.12713623046875,0.987548828125
1183273367,0.08416748046875,0.0390625,0.12689208984375,0.987548828125
1183273367,0.0845947265625,0.0390625,0.12664794921875,0.987548828125
1183273396,0.08477783203125,0.0390625,0.12646484375,0.987548828125
1183273427,0.08477783203125,0.03912353515625,0.126220703125,0.987548828125
1183273428,0.0849609375,0.0391845703125,0.12603759765625,0.987548828125
1183273457,0.0853271484375,0.03924560546875,0.12591552734375,0.987548828125
1183273487,0.08544921875,0.03936767578125,0.12603759765625,0.98748779296875
1183273488,0.08563232421875,0.0394287109375,0.12603759765625,0.98748779296875
1183273518,0.08563232421875,0.03948974609375,0.12603759765625,0.98748779296875
1183273546,0.08563232421875,0.03948974609375,0.12603759765625,0.98748779296875
1183273550,0.0855712890625,0.03948974609375,0.12603759765625,0.98748779296875
1183273577,0.08538818359375,0.0396728515625,0.1263427734375,0.98748779296875
1183273608,0.085205078125,0.0399169921875,0.1265869140625,0.9874267578125
1183273610,0.0849609375,0.04010009765625,0.1270751953125,0.9874267578125
1183273637,0.08477783203125,0.04034423828125,0.1275634765625,0.98736572265625
1183273699,0.08447265625,0.04058837890625,0.12811279296875,0.9873046875
1183273699,0.084228515625,0.04083251953125,0.12872314453125,0.98724365234375
1183273699,0.08392333984375,0.04095458984375,0.1292724609375,0.9871826171875
1183273727,0.083740234375,0.04107666015625,0.12982177734375,0.98712158203125
1183273727,0.08355712890625,0.04132080078125,0.1304931640625,0.98699951171875
1183273757,0.08331298828125,0.0413818359375,0.13104248046875,0.9869384765625
1183273786,0.08282470703125,0.04150390625,0.1314697265625,0.9869384765625
1183273787,0.0823974609375,0.04180908203125,0.13177490234375,0.9869384765625
1183273817,0.08197021484375,0.0421142578125,0.13189697265625,0.9869384765625
1183273818,0.08184814453125,0.04241943359375,0.13201904296875,0.9869384765625
1183273847,0.0814208984375,0.04266357421875,0.13201904296875,0.9869384765625
1183273877,0.0811767578125,0.04278564453125,0.13214111328125,0.9869384765625
1183273878,0.08099365234375,0.04302978515625,0.13214111328125,0.9869384765625
1183273906,0.08074951171875,0.0433349609375,0.13201904296875,0.9869384765625
1183273940,0.08050537109375,0.0435791015625,0.13189697265625,0.98699951171875
1183273940,0.080322265625,0.0439453125,0.13165283203125,0.98699951171875
1183273967,0.08026123046875,0.044189453125,0.13134765625,0.987060546875
1183273997,0.08013916015625,0.04425048828125,0.13104248046875,0.98712158203125
1183273997,0.07989501953125,0.04443359375,0.1307373046875,0.98712158203125
1183274027,0.07958984375,0.04461669921875,0.13043212890625,0.9871826171875
1183274057,0.07940673828125,0.04473876953125,0.13006591796875,0.98724365234375
1183274058,0.07940673828125,0.044921875,0.12969970703125,0.9873046875
1183274087,0.07940673828125,0.04510498046875,0.12921142578125,0.98736572265625
1183274117,0.07952880859375,0.045166015625,0.1287841796875,0.9874267578125
1183274117,0.07958984375,0.0452880859375,0.12835693359375,0.9874267578125
1183274147,0.0797119140625,0.04534912109375,0.1279296875,0.98748779296875
1183274175,0.0799560546875,0.04534912109375,0.12762451171875,0.98748779296875
1183274175,0.080078125,0.04534912109375,0.12744140625,0.987548828125
1183274206,0.080078125,0.04522705078125,0.1273193359375,0.987548828125
1183274237,0.0802001953125,0.045166015625,0.12725830078125,0.987548828125
1183274237,0.08050537109375,0.04510498046875,0.127197265625,0.987548828125
1183274266,0.0809326171875,0.04498291015625,0.1270751953125,0.987548828125
1183274296,0.0811767578125,0.04486083984375,0.126953125,0.987548828125
1183274297,0.08148193359375,0.04473876953125,0.12689208984375,0.98748779296875
1183274327,0.08184814453125,0.04461669921875,0.1268310546875,0.98748779296875
1183274357,0.08221435546875,0.04437255859375,0.1268310546875,0.98748779296875
1183274358,0.08251953125,0.04412841796875,0.12677001953125,0.98748779296875
1183274387,0.0830078125,0.043701171875,0.126708984375,0.9874267578125
1183274417,0.0836181640625,0.04339599609375,0.1265869140625,0.9874267578125
1183274417,0.08416748046875,0.04302978515625,0.12646484375,0.9874267578125
1183274448,0.08465576171875,0.042724609375,0.12640380859375,0.9874267578125
1183274448,0.0850830078125,0.0423583984375,0.126220703125,0.9874267578125
1183274477,0.08551025390625,0.0419921875,0.1259765625,0.9874267578125
1183274507,0.0860595703125,0.04168701171875,0.1256103515625,0.9874267578125
1183274508,0.0867919921875,0.04132080078125,0.125244140625,0.9874267578125
1183274537,0.0872802734375,0.041015625,0.1248779296875,0.9874267578125
1183274570,0.087646484375,0.04058837890625,0.12457275390625,0.98748779296875
1183274572,0.08782958984375,0.0401611328125,0.124267578125,0.98748779296875
1183274596,0.08819580078125,0.039794921875,0.1239013671875,0.987548828125
1183274625,0.0887451171875,0.03948974609375,0.12353515625,0.987548828125
1183274626,0.089111328125,0.03924560546875,0.12298583984375,0.987548828125
1183274657,0.0894775390625,0.0389404296875,0.12249755859375,0.98760986328125
1183274688,0.0897216796875,0.03875732421875,0.1219482421875,0.9876708984375
1183274688,0.0899658203125,0.03863525390625,0.12139892578125,0.98773193359375
1183274717,0.0899658203125,0.03851318359375,0.1209716796875,0.98779296875
1183274747,0.0897216796875,0.0384521484375,0.1204833984375,0.98785400390625
1183274748,0.0894775390625,0.03839111328125,0.12005615234375,0.9879150390625
1183274806,0.089599609375,0.0384521484375,0.11962890625,0.98797607421875
1183274807,0.0897216796875,0.0384521484375,0.119384765625,0.98797607421875
1183274807,0.08953857421875,0.03851318359375,0.1192626953125,0.988037109375
1183274836,0.0892333984375,0.03857421875,0.1192626953125,0.988037109375
1183274867,0.08917236328125,0.03857421875,0.1192626953125,0.988037109375
1183274868,0.08917236328125,0.03857421875,0.1192626953125,0.988037109375
1183274897,0.0892333984375,0.03857421875,0.1192626953125,0.988037109375
1183274927,0.0892333984375,0.03857421875,0.1192626953125,0.988037109375
1183274928,0.0892333984375,0.03857421875,0.1192626953125,0.988037109375
1183274957,0.0894775390625,0.0386962890625,0.11920166015625,0.988037109375
1183274987,0.0894775390625,0.0386962890625,0.11920166015625,0.988037109375
1183274988,0.08953857421875,0.0386962890625,0.11920166015625,0.988037109375
1183275016,0.08953857421875,0.0386962890625,0.11920166015625,0.988037109375
1183275047,0.08953857421875,0.0386962890625,0.11920166015625,0.988037109375
1183275048,0.08966064453125,0.03851318359375,0.1190185546875,0.988037109375
1183275077,0.08984375,0.03839111328125,0.118896484375,0.988037109375
1183275110,0.09002685546875,0.03814697265625,0.11871337890625,0.988037109375
1183275110,0.09033203125,0.03790283203125,0.11846923828125,0.98809814453125
1183275135,0.0904541015625,0.03765869140625,0.11822509765625,0.98809814453125
1183275165,0.0904541015625,0.03753662109375,0.11798095703125,0.9881591796875
1183275166,0.0904541015625,0.03741455078125,0.11773681640625,0.9881591796875
1183275197,0.09075927734375,0.03741455078125,0.117431640625,0.9881591796875
1183275227,0.09088134765625,0.037353515625,0.11712646484375,0.98822021484375
1183275228,0.09088134765625,0.037353515625,0.116943359375,0.98822021484375
1183275257,0.0908203125,0.037353515625,0.11669921875,0.98828125
1183275287,0.09088134765625,0.037353515625,0.11669921875,0.98828125
1183275288,0.0908203125,0.03729248046875,0.11651611328125,0.98828125
1183275316,0.09088134765625,0.0372314453125,0.1163330078125,0.98828125
1183275346,0.0909423828125,0.0372314453125,0.11614990234375,0.98834228515625
1183275347,0.0909423828125,0.0372314453125,0.11614990234375,0.98834228515625
1183275375,0.09100341796875,0.0372314453125,0.11590576171875,0.98834228515625
1183275437,0.0911865234375,0.037353515625,0.11572265625,0.98834228515625
1183275437,0.09130859375,0.0374755859375,0.115478515625,0.98834228515625
1183275437,0.09149169921875,0.0374755859375,0.115234375,0.98834228515625
1183275465,0.09161376953125,0.03753662109375,0.114990234375,0.9884033203125
1183275465,0.09161376953125,0.03759765625,0.11474609375,0.9884033203125
1183275498,0.09149169921875,0.037841796875,0.11456298828125,0.9884033203125
1183275529,0.0914306640625,0.03802490234375,0.1143798828125,0.98846435546875
1183275530,0.0914306640625,0.03802490234375,0.1143798828125,0.98846435546875
1183275556,0.0914306640625,0.0380859375,0.1143798828125,0.98846435546875
1183275586,0.09124755859375,0.0382080078125,0.1142578125,0.98846435546875
1183275586,0.091064453125,0.03839111328125,0.1141357421875,0.988525390625
1183275623,0.0909423828125,0.03851318359375,0.11407470703125,0.988525390625
1183275647,0.0906982421875,0.038818359375,0.11395263671875,0.988525390625
1183275647,0.09039306640625,0.0391845703125,0.1138916015625,0.98858642578125
1183275707,0.090087890625,0.03955078125,0.11376953125,0.98858642578125
1183275709,0.0897216796875,0.0399169921875,0.11370849609375,0.98858642578125
1183275710,0.08929443359375,0.040283203125,0.113525390625,0.9886474609375
1183275738,0.0888671875,0.04058837890625,0.1134033203125,0.98870849609375
1183275767,0.08856201171875,0.04083251953125,0.11328125,0.98870849609375
1183275767,0.0882568359375,0.041015625,0.1131591796875,0.98876953125
1183275797,0.08807373046875,0.0411376953125,0.113037109375,0.98876953125
1183275826,0.08795166015625,0.041259765625,0.11285400390625,0.98883056640625
1183275828,0.0877685546875,0.04156494140625,0.11273193359375,0.98883056640625
1183275856,0.08740234375,0.0418701171875,0.1126708984375,0.98883056640625
1183275886,0.08709716796875,0.042236328125,0.11248779296875,0.9888916015625
1183275888,0.0869140625,0.04248046875,0.11224365234375,0.98895263671875
1183275917,0.08685302734375,0.04278564453125,0.1119384765625,0.98895263671875
1183275948,0.08648681640625,0.0430908203125,0.1116943359375,0.989013671875
1183275948,0.08612060546875,0.04339599609375,0.1114501953125,0.989013671875
1183275977,0.085693359375,0.04376220703125,0.1112060546875,0.98907470703125
1183276007,0.08538818359375,0.04400634765625,0.1109619140625,0.9891357421875
1183276007,0.0850830078125,0.0443115234375,0.1107177734375,0.98919677734375
1183276037,0.0848388671875,0.04461669921875,0.1104736328125,0.98919677734375
1183276067,0.08441162109375,0.0447998046875,0.1102294921875,0.9892578125
1183276067,0.08404541015625,0.04498291015625,0.11004638671875,0.98931884765625
1183276097,0.08380126953125,0.04510498046875,0.10992431640625,0.98931884765625
1183276131,0.08355712890625,0.045166015625,0.10980224609375,0.9893798828125
1183276132,0.08331298828125,0.04534912109375,0.10968017578125,0.9893798828125
1183276156,0.0830078125,0.04547119140625,0.10955810546875,0.98944091796875
1183276190,0.0826416015625,0.0455322265625,0.1094970703125,0.98944091796875
1183276190,0.08221435546875,0.045654296875,0.1094970703125,0.989501953125
1183276216,0.08197021484375,0.04571533203125,0.1094970703125,0.989501953125
1183276245,0.08197021484375,0.04571533203125,0.1094970703125,0.989501953125
1183276245,0.08203125,0.0457763671875,0.1094970703125,0.989501953125
1183276277,0.081787109375,0.04595947265625,0.10943603515625,0.989501953125
1183276307,0.0816650390625,0.04620361328125,0.109375,0.989501953125
1183276308,0.08148193359375,0.04638671875,0.1092529296875,0.98956298828125
1183276337,0.081298828125,0.04656982421875,0.10919189453125,0.98956298828125
1183276399,0.08111572265625,0.0467529296875,0.109130859375,0.98956298828125
1183276400,0.080810546875,0.0469970703125,0.10894775390625,0.9896240234375
1183276400,0.08074951171875,0.04718017578125,0.10870361328125,0.9896240234375
1183276427,0.08062744140625,0.04736328125,0.1085205078125,0.9896240234375
1183276457,0.08062744140625,0.04742431640625,0.10821533203125,0.98968505859375
1183276458,0.08056640625,0.047607421875,0.10784912109375,0.98974609375
1183276487,0.08050537109375,0.04779052734375,0.1075439453125,0.98974609375
1183276518,0.080322265625,0.04791259765625,0.1072998046875,0.98980712890625
1183276519,0.08013916015625,0.04803466796875,0.10699462890625,0.98980712890625
1183276549,0.07989501953125,0.04815673828125,0.106689453125,0.9898681640625
1183276578,0.07977294921875,0.0482177734375,0.1063232421875,0.98992919921875
1183276578,0.0797119140625,0.04827880859375,0.10589599609375,0.989990234375
1183276606,0.07965087890625,0.04833984375,0.10546875,0.989990234375
1183276644,0.07952880859375,0.04833984375,0.105224609375,0.99005126953125
1183276648,0.07940673828125,0.04833984375,0.10491943359375,0.9901123046875
1183276666,0.0791015625,0.0482177734375,0.1046142578125,0.99017333984375
1183276698,0.0789794921875,0.048095703125,0.1043701171875,0.99017333984375
1183276698,0.078857421875,0.0479736328125,0.1041259765625,0.990234375
1183276727,0.078857421875,0.04803466796875,0.1041259765625,0.990234375
1183276758,0.078857421875,0.04803466796875,0.1041259765625,0.990234375
1183276758,0.078857421875,0.048095703125,0.1041259765625,0.990234375
1183276822,0.0789794921875,0.04803466796875,0.10394287109375,0.990234375
1183276822,0.0789794921875,0.0478515625,0.1036376953125,0.99029541015625
1183276823,0.078857421875,0.04779052734375,0.1033935546875,0.99029541015625
1183276848,0.078857421875,0.04779052734375,0.10308837890625,0.9903564453125
1183276877,0.0789794921875,0.0477294921875,0.1029052734375,0.9903564453125
1183276877,0.0789794921875,0.047607421875,0.1026611328125,0.99041748046875
1183276906,0.0791015625,0.04742431640625,0.1024169921875,0.99041748046875
1183276937,0.07952880859375,0.04718017578125,0.10211181640625,0.99041748046875
1183276937,0.0799560546875,0.04693603515625,0.10186767578125,0.99041748046875
1183276966,0.08013916015625,0.046630859375,0.1016845703125,0.990478515625
1183276997,0.08026123046875,0.04632568359375,0.1014404296875,0.990478515625
1183276997,0.08050537109375,0.04608154296875,0.1011962890625,0.990478515625
1183277026,0.08074951171875,0.04583740234375,0.1009521484375,0.99053955078125
1183277057,0.08099365234375,0.045654296875,0.10076904296875,0.99053955078125
1183277058,0.081298828125,0.04547119140625,0.1005859375,0.99053955078125
1183277087,0.0814208984375,0.04522705078125,0.10040283203125,0.99053955078125
1183277117,0.08160400390625,0.04498291015625,0.10015869140625,0.99053955078125
1183277117,0.0816650390625,0.04473876953125,0.0999755859375,0.9906005859375
1183277147,0.081787109375,0.04449462890625,0.09979248046875,0.9906005859375
1183277177,0.08203125,0.044189453125,0.099609375,0.9906005859375
1183277178,0.082275390625,0.0438232421875,0.099365234375,0.99066162109375
1183277206,0.08258056640625,0.04351806640625,0.09918212890625,0.99066162109375
1183277237,0.0830078125,0.04327392578125,0.0989990234375,0.99066162109375
1183277237,0.08331298828125,0.04302978515625,0.09881591796875,0.99066162109375
1183277266,0.08355712890625,0.042724609375,0.09869384765625,0.99066162109375
1183277298,0.0838623046875,0.04248046875,0.0986328125,0.99066162109375
1183277299,0.084228515625,0.0421142578125,0.09844970703125,0.99066162109375
1183277327,0.0845947265625,0.04180908203125,0.0982666015625,0.99066162109375
1183277357,0.084716796875,0.0416259765625,0.09814453125,0.99066162109375
1183277361,0.08489990234375,0.04144287109375,0.09808349609375,0.99066162109375
1183277385,0.08502197265625,0.04132080078125,0.09796142578125,0.99066162109375
1183277416,0.08502197265625,0.0413818359375,0.09796142578125,0.99066162109375
1183277417,0.08502197265625,0.0413818359375,0.09796142578125,0.99066162109375
1183277447,0.08502197265625,0.0413818359375,0.09796142578125,0.99066162109375
1183277476,0.08502197265625,0.0413818359375,0.09796142578125,0.99066162109375
1183277477,0.08502197265625,0.0413818359375,0.09796142578125,0.99066162109375
1183277507,0.08502197265625,0.04150390625,0.09783935546875,0.99066162109375
1183277538,0.085205078125,0.04168701171875,0.09765625,0.99066162109375
1183277539,0.085205078125,0.04168701171875,0.09747314453125,0.99066162109375
1183277567,0.085205078125,0.04168701171875,0.09747314453125,0.99066162109375
1183277596,0.08526611328125,0.04168701171875,0.09747314453125,0.99066162109375
1183277598,0.08544921875,0.0416259765625,0.09722900390625,0.99066162109375
1183277630,0.08551025390625,0.0416259765625,0.096923828125,0.99072265625
1183277657,0.0855712890625,0.0416259765625,0.0965576171875,0.99072265625
1183277658,0.0855712890625,0.04156494140625,0.09625244140625,0.99078369140625
1183277687,0.08575439453125,0.04150390625,0.09600830078125,0.99078369140625
1183277716,0.08599853515625,0.04144287109375,0.09564208984375,0.99078369140625
1183277720,0.0863037109375,0.0413818359375,0.0953369140625,0.99078369140625
1183277747,0.086669921875,0.041259765625,0.09515380859375,0.99078369140625
1183277808,0.0867919921875,0.0411376953125,0.09490966796875,0.99078369140625
1183277808,0.08685302734375,0.04119873046875,0.0946044921875,0.9908447265625
1183277809,0.08697509765625,0.041259765625,0.09429931640625,0.9908447265625
1183277836,0.0870361328125,0.04144287109375,0.093994140625,0.9908447265625
1183277837,0.08709716796875,0.04156494140625,0.09381103515625,0.9908447265625
1183277867,0.08697509765625,0.04168701171875,0.0936279296875,0.99090576171875
1183277899,0.0870361328125,0.04168701171875,0.0936279296875,0.99090576171875
1183277899,0.08697509765625,0.04193115234375,0.09356689453125,0.99090576171875
1183277927,0.08685302734375,0.04217529296875,0.09344482421875,0.99090576171875
1183277957,0.08685302734375,0.04217529296875,0.09344482421875,0.99090576171875
1183277957,0.08685302734375,0.04217529296875,0.09344482421875,0.99090576171875
1183277986,0.08685302734375,0.04217529296875,0.09344482421875,0.99090576171875
1183278017,0.08685302734375,0.04217529296875,0.09344482421875,0.99090576171875
1183278017,0.08685302734375,0.04217529296875,0.09344482421875,0.99090576171875
1183278047,0.086669921875,0.04229736328125,0.0933837890625,0.99090576171875
1183278076,0.08673095703125,0.04229736328125,0.0933837890625,0.99090576171875
1183278079,0.08673095703125,0.04229736328125,0.0933837890625,0.99090576171875
1183278107,0.08673095703125,0.0423583984375,0.0933837890625,0.99090576171875
1183278138,0.08673095703125,0.0423583984375,0.0933837890625,0.99090576171875
1183278139,0.0867919921875,0.0423583984375,0.0933837890625,0.99090576171875
1183278167,0.0867919921875,0.0423583984375,0.0933837890625,0.99090576171875
1183278198,0.0867919921875,0.04241943359375,0.0933837890625,0.99090576171875
1183278199,0.08685302734375,0.04241943359375,0.0933837890625,0.99090576171875
1183278228,0.08685302734375,0.04241943359375,0.0933837890625,0.99090576171875
1183278256,0.08685302734375,0.04248046875,0.09332275390625,0.99090576171875
1183278256,0.08685302734375,0.04248046875,0.09332275390625,0.99090576171875
1183278285,0.0867919921875,0.04254150390625,0.09332275390625,0.99090576171875
1183278316,0.0867919921875,0.04254150390625,0.09332275390625,0.99090576171875
1183278317,0.086669921875,0.04254150390625,0.0931396484375,0.99090576171875
1183278346,0.0865478515625,0.04254150390625,0.09295654296875,0.990966796875
1183278377,0.0865478515625,0.0426025390625,0.09295654296875,0.990966796875
1183278378,0.0865478515625,0.0426025390625,0.09295654296875,0.990966796875
1183278407,0.0865478515625,0.04266357421875,0.09295654296875,0.990966796875
1183278437,0.0865478515625,0.04266357421875,0.09295654296875,0.990966796875
1183278438,0.0865478515625,0.04266357421875,0.09295654296875,0.990966796875
1183278467,0.0865478515625,0.04266357421875,0.09295654296875,0.990966796875
1183278496,0.0865478515625,0.042724609375,0.09295654296875,0.990966796875
1183278498,0.0865478515625,0.042724609375,0.09295654296875,0.990966796875
1183278526,0.08660888671875,0.042724609375,0.09295654296875,0.990966796875
1183278557,0.08660888671875,0.04278564453125,0.09295654296875,0.990966796875
1183278558,0.08660888671875,0.04278564453125,0.09295654296875,0.990966796875
1183278587,0.08660888671875,0.04278564453125,0.09295654296875,0.990966796875
1183278616,0.08660888671875,0.04278564453125,0.09295654296875,0.990966796875
1183278618,0.08660888671875,0.0428466796875,0.09295654296875,0.990966796875
1183278647,0.08660888671875,0.0428466796875,0.09295654296875,0.990966796875
1183278677,0.0867919921875,0.0430908203125,0.09295654296875,0.99090576171875
1183278677,0.08697509765625,0.043212890625,0.093017578125,0.99090576171875
1183278708,0.08697509765625,0.043212890625,0.093017578125,0.99090576171875
1183278739,0.0869140625,0.04327392578125,0.093017578125,0.99090576171875
1183278740,0.0869140625,0.04327392578125,0.093017578125,0.99090576171875
1183278767,0.0869140625,0.04327392578125,0.093017578125,0.99090576171875
1183278796,0.0869140625,0.0433349609375,0.093017578125,0.99090576171875
1183278796,0.0869140625,0.0433349609375,0.093017578125,0.9908447265625
1183278825,0.0869140625,0.04339599609375,0.093017578125,0.9908447265625
1183278857,0.08697509765625,0.04339599609375,0.093017578125,0.9908447265625
1183278859,0.08697509765625,0.04339599609375,0.093017578125,0.9908447265625
1183278887,0.08697509765625,0.04345703125,0.093017578125,0.9908447265625
1183278918,0.08697509765625,0.04345703125,0.093017578125,0.9908447265625
1183278921,0.08697509765625,0.04351806640625,0.093017578125,0.9908447265625
1183278948,0.08697509765625,0.04351806640625,0.093017578125,0.9908447265625
1183278978,0.08697509765625,0.0435791015625,0.093017578125,0.9908447265625
1183278978,0.0870361328125,0.0435791015625,0.093017578125,0.9908447265625
1183279006,0.0870361328125,0.04364013671875,0.093017578125,0.9908447265625
1183279036,0.0870361328125,0.04364013671875,0.093017578125,0.9908447265625
1183279038,0.0870361328125,0.04364013671875,0.093017578125,0.9908447265625
1183279066,0.0870361328125,0.043701171875,0.093017578125,0.9908447265625
1183279068,0.0870361328125,0.043701171875,0.093017578125,0.9908447265625
1183279098,0.08709716796875,0.04376220703125,0.093017578125,0.9908447265625
1183279126,0.08709716796875,0.04376220703125,0.093017578125,0.9908447265625
1183279128,0.08709716796875,0.04376220703125,0.093017578125,0.9908447265625
1183279157,0.0870361328125,0.0438232421875,0.093017578125,0.9908447265625
1183279187,0.08709716796875,0.0438232421875,0.093017578125,0.9908447265625
1183279188,0.08709716796875,0.04388427734375,0.093017578125,0.9908447265625
1183279217,0.08709716796875,0.04388427734375,0.093017578125,0.9908447265625
1183279247,0.08709716796875,0.04388427734375,0.093017578125,0.9908447265625
1183279247,0.08709716796875,0.04388427734375,0.093017578125,0.9908447265625
1183279277,0.08709716796875,0.04388427734375,0.093017578125,0.9908447265625
1183279309,0.087158203125,0.0439453125,0.093017578125,0.9908447265625
1183279310,0.087158203125,0.0439453125,0.093017578125,0.9908447265625
1183279336,0.087158203125,0.0439453125,0.09295654296875,0.9908447265625
1183279366,0.087158203125,0.04400634765625,0.09295654296875,0.9908447265625
1183279368,0.087158203125,0.04400634765625,0.09295654296875,0.9908447265625
1183279396,0.087158203125,0.04400634765625,0.09295654296875,0.9908447265625
1183279427,0.08721923828125,0.04400634765625,0.09295654296875,0.9908447265625
1183279427,0.08721923828125,0.0440673828125,0.09295654296875,0.9908447265625
1183279458,0.08721923828125,0.0440673828125,0.09295654296875,0.9908447265625
1183279487,0.08721923828125,0.0440673828125,0.09295654296875,0.9908447265625
1183279487,0.08721923828125,0.0440673828125,0.09295654296875,0.9908447265625
1183279515,0.0872802734375,0.04412841796875,0.09295654296875,0.9908447265625
1183279546,0.0872802734375,0.04412841796875,0.09295654296875,0.9908447265625
1183279546,0.0872802734375,0.044189453125,0.09295654296875,0.9908447265625
1183279577,0.0872802734375,0.044189453125,0.09295654296875,0.99078369140625
1183279607,0.0872802734375,0.044189453125,0.09295654296875,0.99078369140625
1183279608,0.08746337890625,0.0440673828125,0.0928955078125,0.99078369140625
1183279637,0.08746337890625,0.0440673828125,0.0928955078125,0.99078369140625
1183279667,0.08746337890625,0.0440673828125,0.0928955078125,0.99078369140625
1183279667,0.0875244140625,0.0440673828125,0.0928955078125,0.99078369140625
1183279697,0.0875244140625,0.04412841796875,0.0928955078125,0.99078369140625
1183279727,0.0875244140625,0.04412841796875,0.0928955078125,0.99078369140625
1183279728,0.0875244140625,0.04412841796875,0.0928955078125,0.99078369140625
1183279757,0.08758544921875,0.04412841796875,0.0928955078125,0.99078369140625
1183279787,0.08746337890625,0.0439453125,0.0927734375,0.9908447265625
1183279787,0.08746337890625,0.0439453125,0.0927734375,0.9908447265625
1183279819,0.0875244140625,0.0439453125,0.0927734375,0.9908447265625
1183279847,0.0875244140625,0.0439453125,0.0927734375,0.9908447265625
1183279847,0.0875244140625,0.0438232421875,0.09259033203125,0.9908447265625
1183279876,0.08770751953125,0.043701171875,0.09234619140625,0.9908447265625
1183279906,0.087890625,0.04345703125,0.0921630859375,0.9908447265625
1183279908,0.08795166015625,0.04345703125,0.0921630859375,0.9908447265625
1183279936,0.08795166015625,0.04345703125,0.0921630859375,0.9908447265625
1183279967,0.08795166015625,0.04351806640625,0.0921630859375,0.9908447265625
1183279968,0.087890625,0.04376220703125,0.0919189453125,0.99090576171875
1183280001,0.08758544921875,0.04400634765625,0.09161376953125,0.99090576171875
1183280026,0.08740234375,0.0443115234375,0.09136962890625,0.990966796875
1183280027,0.08721923828125,0.0445556640625,0.09112548828125,0.990966796875
1183280056,0.0867919921875,0.04473876953125,0.0909423828125,0.99102783203125
1183280087,0.0863037109375,0.04498291015625,0.0908203125,0.9910888671875
1183280087,0.08612060546875,0.045166015625,0.09075927734375,0.9910888671875
1183280117,0.0860595703125,0.045166015625,0.09075927734375,0.9910888671875
1183280148,0.0860595703125,0.045166015625,0.09075927734375,0.9910888671875
1183280148,0.0860595703125,0.045166015625,0.09075927734375,0.9910888671875
1183280177,0.0860595703125,0.045166015625,0.09075927734375,0.9910888671875
1183280207,0.08612060546875,0.045166015625,0.09075927734375,0.9910888671875
1183280208,0.08612060546875,0.04522705078125,0.09075927734375,0.9910888671875
1183280237,0.08612060546875,0.04522705078125,0.0906982421875,0.9910888671875
1183280266,0.0860595703125,0.0452880859375,0.0906982421875,0.9910888671875
1183280267,0.08612060546875,0.0452880859375,0.0906982421875,0.9910888671875
1183280296,0.085693359375,0.04547119140625,0.0909423828125,0.9910888671875
1183280327,0.08526611328125,0.04571533203125,0.0911865234375,0.9910888671875
1183280328,0.0849609375,0.04595947265625,0.091552734375,0.9910888671875
1183280357,0.0845947265625,0.0462646484375,0.0919189453125,0.99102783203125
1183280387,0.084228515625,0.0465087890625,0.09228515625,0.99102783203125
1183280387,0.08404541015625,0.04681396484375,0.092529296875,0.99102783203125
1183280416,0.08392333984375,0.04705810546875,0.0927734375,0.990966796875
1183280479,0.0836181640625,0.04742431640625,0.09295654296875,0.990966796875
1183280479,0.08319091796875,0.04766845703125,0.093017578125,0.99102783203125
1183280480,0.08294677734375,0.0478515625,0.09307861328125,0.99102783203125
1183280506,0.08251953125,0.04815673828125,0.0931396484375,0.99102783203125
1183280508,0.0821533203125,0.04827880859375,0.09320068359375,0.99102783203125
1183280537,0.08203125,0.04827880859375,0.09320068359375,0.99102783203125
1183280566,0.0819091796875,0.0482177734375,0.09320068359375,0.9910888671875
1183280567,0.08184814453125,0.048095703125,0.0931396484375,0.9910888671875
1183280597,0.08184814453125,0.048095703125,0.0931396484375,0.9910888671875
1183280628,0.08221435546875,0.04803466796875,0.0927734375,0.9910888671875
1183280630,0.08251953125,0.0479736328125,0.09228515625,0.9910888671875
1183280656,0.08282470703125,0.04803466796875,0.09173583984375,0.99114990234375
1183280688,0.0831298828125,0.0479736328125,0.091064453125,0.99114990234375
1183280688,0.083251953125,0.04791259765625,0.09051513671875,0.9912109375
1183280717,0.08319091796875,0.0478515625,0.0899658203125,0.99127197265625
1183280778,0.083251953125,0.0477294921875,0.08941650390625,0.9913330078125
1183280778,0.0836181640625,0.04754638671875,0.08892822265625,0.9913330078125
1183280779,0.08380126953125,0.04730224609375,0.08856201171875,0.99139404296875
1183280807,0.08392333984375,0.04705810546875,0.0882568359375,0.99139404296875
1183280807,0.0841064453125,0.0467529296875,0.08795166015625,0.991455078125
1183280837,0.08447265625,0.04638671875,0.08758544921875,0.991455078125
1183280868,0.0848388671875,0.0460205078125,0.0872802734375,0.991455078125
1183280869,0.0850830078125,0.04571533203125,0.0869140625,0.991455078125
1183280897,0.0853271484375,0.04534912109375,0.08660888671875,0.99151611328125
1183280927,0.08538818359375,0.04510498046875,0.0863037109375,0.99151611328125
1183280928,0.08538818359375,0.04473876953125,0.0859375,0.9915771484375
1183280957,0.08538818359375,0.04443359375,0.08544921875,0.99163818359375
1183280986,0.08538818359375,0.04400634765625,0.08502197265625,0.99169921875
1183280990,0.08551025390625,0.043701171875,0.084716796875,0.99176025390625
1183281016,0.08563232421875,0.043212890625,0.08453369140625,0.99176025390625
1183281047,0.085693359375,0.0428466796875,0.0843505859375,0.99176025390625
1183281047,0.08575439453125,0.04241943359375,0.08404541015625,0.9918212890625
1183281077,0.0859375,0.0421142578125,0.0836181640625,0.99188232421875
1183281105,0.08624267578125,0.0419921875,0.0831298828125,0.99188232421875
1183281105,0.086669921875,0.04193115234375,0.08258056640625,0.99188232421875
1183281136,0.08721923828125,0.04180908203125,0.08203125,0.99188232421875
1183281167,0.087646484375,0.04168701171875,0.08160400390625,0.99188232421875
1183281168,0.0877685546875,0.04150390625,0.081298828125,0.99188232421875
1183281197,0.08782958984375,0.04144287109375,0.0810546875,0.991943359375
1183281228,0.0880126953125,0.04132080078125,0.080810546875,0.991943359375
1183281228,0.08819580078125,0.041259765625,0.08050537109375,0.991943359375
1183281257,0.08837890625,0.0411376953125,0.0802001953125,0.991943359375
1183281287,0.08868408203125,0.041015625,0.07989501953125,0.991943359375
1183281288,0.089111328125,0.0408935546875,0.07952880859375,0.991943359375
1183281317,0.08941650390625,0.04083251953125,0.079345703125,0.991943359375
1183281347,0.0897216796875,0.040771484375,0.0792236328125,0.991943359375
1183281348,0.090087890625,0.0406494140625,0.07916259765625,0.99188232421875
1183281376,0.090576171875,0.04052734375,0.07916259765625,0.99188232421875
1183281409,0.0909423828125,0.040283203125,0.07916259765625,0.9918212890625
1183281410,0.0911865234375,0.04010009765625,0.0792236328125,0.9918212890625
1183281435,0.09136962890625,0.03985595703125,0.079345703125,0.9918212890625
1183281466,0.09149169921875,0.0396728515625,0.0794677734375,0.9918212890625
1183281497,0.091796875,0.03955078125,0.07965087890625,0.99176025390625
1183281497,0.09197998046875,0.03948974609375,0.079833984375,0.99176025390625
1183281527,0.0921630859375,0.03948974609375,0.0799560546875,0.99169921875
1183281527,0.0924072265625,0.03948974609375,0.080078125,0.99169921875
1183281557,0.09246826171875,0.03948974609375,0.080078125,0.99163818359375
1183281587,0.09246826171875,0.03948974609375,0.080078125,0.99163818359375
1183281588,0.09246826171875,0.03955078125,0.080078125,0.99163818359375
1183281617,0.092529296875,0.03955078125,0.080078125,0.99163818359375
1183281646,0.0924072265625,0.03955078125,0.0802001953125,0.99163818359375
1183281647,0.09222412109375,0.03961181640625,0.080322265625,0.99163818359375
1183281676,0.092041015625,0.03973388671875,0.080322265625,0.99169921875
1183281707,0.091796875,0.0399169921875,0.080322265625,0.99169921875
1183281709,0.09173583984375,0.04010009765625,0.0802001953125,0.99169921875
1183281738,0.09161376953125,0.040283203125,0.0802001953125,0.99169921875
1183281766,0.09130859375,0.04046630859375,0.08026123046875,0.99169921875
1183281768,0.0909423828125,0.04071044921875,0.0802001953125,0.99176025390625
1183281797,0.09063720703125,0.041015625,0.08013916015625,0.99176025390625
1183281827,0.0902099609375,0.041259765625,0.08001708984375,0.9918212890625
1183281827,0.09002685546875,0.04156494140625,0.0799560546875,0.9918212890625
1183281857,0.08984375,0.04180908203125,0.07989501953125,0.9918212890625
1183281887,0.089599609375,0.0421142578125,0.079833984375,0.9918212890625
1183281888,0.08935546875,0.04229736328125,0.079833984375,0.99188232421875
1183281917,0.08917236328125,0.0426025390625,0.079833984375,0.99188232421875
1183281949,0.088623046875,0.04315185546875,0.079833984375,0.99188232421875
1183281949,0.088623046875,0.04315185546875,0.079833984375,0.99188232421875
1183281976,0.08831787109375,0.04351806640625,0.07977294921875,0.99188232421875
1183282006,0.08795166015625,0.04376220703125,0.07977294921875,0.991943359375
1183282007,0.0875244140625,0.04412841796875,0.079833984375,0.991943359375
1183282038,0.08709716796875,0.0445556640625,0.079833984375,0.991943359375
1183282066,0.086669921875,0.044921875,0.079833984375,0.99200439453125
1183282097,0.08636474609375,0.0452880859375,0.07977294921875,0.99200439453125
1183282098,0.0860595703125,0.045654296875,0.07965087890625,0.99200439453125
1183282127,0.0858154296875,0.04595947265625,0.07958984375,0.99200439453125
1183282128,0.0855712890625,0.04620361328125,0.07952880859375,0.9920654296875
1183282156,0.08526611328125,0.0465087890625,0.0794677734375,0.9920654296875
1183282187,0.08489990234375,0.0467529296875,0.07928466796875,0.9920654296875
1183282188,0.08453369140625,0.0469970703125,0.0791015625,0.99212646484375
1183282217,0.08404541015625,0.04730224609375,0.0789794921875,0.9921875
1183282247,0.0836181640625,0.0474853515625,0.078857421875,0.9921875
1183282247,0.083251953125,0.047607421875,0.07879638671875,0.99224853515625
1183282277,0.08294677734375,0.04766845703125,0.07879638671875,0.99224853515625
1183282307,0.08270263671875,0.04779052734375,0.07867431640625,0.99224853515625
1183282307,0.08245849609375,0.0478515625,0.0784912109375,0.9923095703125
1183282336,0.08245849609375,0.04791259765625,0.0782470703125,0.9923095703125
1183282367,0.08245849609375,0.0479736328125,0.077880859375,0.99237060546875
1183282367,0.08245849609375,0.04803466796875,0.0775146484375,0.99237060546875
1183282397,0.08233642578125,0.04815673828125,0.07708740234375,0.992431640625
1183282427,0.08245849609375,0.04815673828125,0.07659912109375,0.992431640625
1183282427,0.08258056640625,0.0482177734375,0.076171875,0.99249267578125
1183282457,0.08251953125,0.04815673828125,0.07562255859375,0.99249267578125
1183282487,0.08233642578125,0.04803466796875,0.07513427734375,0.9925537109375
1183282487,0.0821533203125,0.04791259765625,0.07470703125,0.99261474609375
1183282516,0.0819091796875,0.04779052734375,0.07440185546875,0.99267578125
1183282546,0.0819091796875,0.047607421875,0.0740966796875,0.99267578125
1183282548,0.0821533203125,0.0474853515625,0.07379150390625,0.99273681640625
1183282576,0.08258056640625,0.0472412109375,0.0736083984375,0.99267578125
1183282607,0.082763671875,0.047119140625,0.07342529296875,0.99273681640625
1183282607,0.08294677734375,0.0469970703125,0.07330322265625,0.99267578125
1183282637,0.0830078125,0.04693603515625,0.0732421875,0.99273681640625
1183282666,0.08319091796875,0.046875,0.07305908203125,0.99273681640625
1183282668,0.08343505859375,0.0467529296875,0.07281494140625,0.99273681640625
1183282698,0.0838623046875,0.04656982421875,0.07269287109375,0.99267578125
1183282728,0.0841064453125,0.0462646484375,0.0728759765625,0.99267578125
1183282728,0.0841064453125,0.0462646484375,0.0728759765625,0.99267578125
1183282757,0.0841064453125,0.046142578125,0.0728759765625,0.99267578125
1183282787,0.08447265625,0.046142578125,0.07269287109375,0.99267578125
1183282788,0.08477783203125,0.04620361328125,0.07244873046875,0.99267578125
1183282817,0.0849609375,0.04620361328125,0.07220458984375,0.99267578125
1183282847,0.08526611328125,0.0462646484375,0.072021484375,0.99261474609375
1183282847,0.08526611328125,0.04632568359375,0.072021484375,0.99261474609375
1183282877,0.08526611328125,0.04632568359375,0.072021484375,0.99261474609375
1183282940,0.08526611328125,0.04632568359375,0.072021484375,0.99261474609375
1183282941,0.08551025390625,0.0462646484375,0.0721435546875,0.99261474609375
1183282941,0.08551025390625,0.0462646484375,0.0721435546875,0.99261474609375
1183282965,0.08544921875,0.0462646484375,0.0721435546875,0.99261474609375
1183282966,0.08544921875,0.0462646484375,0.0721435546875,0.99261474609375
1183282996,0.08551025390625,0.0462646484375,0.0721435546875,0.99261474609375
1183283026,0.08551025390625,0.0462646484375,0.0721435546875,0.99261474609375
1183283027,0.08551025390625,0.04632568359375,0.0721435546875,0.99261474609375
1183283057,0.0858154296875,0.04638671875,0.07208251953125,0.9925537109375
1183283088,0.0858154296875,0.04638671875,0.07208251953125,0.9925537109375
1183283088,0.0858154296875,0.04638671875,0.07208251953125,0.9925537109375
1183283117,0.0858154296875,0.04638671875,0.07208251953125,0.9925537109375
1183283147,0.08599853515625,0.04608154296875,0.07208251953125,0.9925537109375
1183283147,0.08636474609375,0.0457763671875,0.07208251953125,0.9925537109375
1183283175,0.0867919921875,0.04559326171875,0.072021484375,0.9925537109375
1183283207,0.0870361328125,0.04547119140625,0.07196044921875,0.9925537109375
1183283208,0.08709716796875,0.0452880859375,0.0718994140625,0.9925537109375
1183283237,0.08721923828125,0.0450439453125,0.07171630859375,0.9925537109375
1183283267,0.08758544921875,0.04486083984375,0.07159423828125,0.9925537109375
1183283269,0.087890625,0.04461669921875,0.07147216796875,0.99249267578125
1183283297,0.08831787109375,0.0445556640625,0.07147216796875,0.99249267578125
1183283327,0.0887451171875,0.04449462890625,0.0714111328125,0.992431640625
1183283328,0.0889892578125,0.0443115234375,0.0712890625,0.992431640625
1183283357,0.08905029296875,0.0443115234375,0.0712890625,0.992431640625
1183283387,0.089111328125,0.0443115234375,0.0712890625,0.992431640625
1183283387,0.089111328125,0.0443115234375,0.0712890625,0.992431640625
1183283417,0.089111328125,0.0443115234375,0.0712890625,0.992431640625
1183283447,0.089111328125,0.0443115234375,0.0712890625,0.992431640625
1183283447,0.089111328125,0.04437255859375,0.0712890625,0.992431640625
1183283477,0.089111328125,0.04437255859375,0.0712890625,0.992431640625
1183283507,0.089111328125,0.04437255859375,0.0712890625,0.992431640625
1183283511,0.089111328125,0.04437255859375,0.0712890625,0.992431640625
1183283537,0.089111328125,0.04437255859375,0.0712890625,0.992431640625
1183283568,0.089111328125,0.0445556640625,0.07147216796875,0.992431640625
1183283568,0.089111328125,0.04461669921875,0.07147216796875,0.992431640625
1183283597,0.0892333984375,0.04486083984375,0.0716552734375,0.99237060546875
1183283627,0.0892333984375,0.04522705078125,0.07183837890625,0.99237060546875
1183283628,0.08917236328125,0.04559326171875,0.072021484375,0.9923095703125
1183283657,0.0889892578125,0.04595947265625,0.07208251953125,0.9923095703125
1183283687,0.0888671875,0.0465087890625,0.07220458984375,0.9923095703125
1183283688,0.08856201171875,0.0469970703125,0.07232666015625,0.9923095703125
1183283717,0.08819580078125,0.04754638671875,0.07244873046875,0.9923095703125
1183283747,0.087890625,0.0479736328125,0.072509765625,0.9923095703125
1183283747,0.0875244140625,0.04840087890625,0.07257080078125,0.9923095703125
1183283809,0.0872802734375,0.048828125,0.07269287109375,0.9923095703125
1183283809,0.0869140625,0.04931640625,0.07281494140625,0.9923095703125
1183283809,0.086669921875,0.04974365234375,0.07293701171875,0.9923095703125
1183283837,0.08624267578125,0.0501708984375,0.072998046875,0.9923095703125
1183283869,0.08599853515625,0.05047607421875,0.072998046875,0.9923095703125
1183283869,0.08599853515625,0.05072021484375,0.07305908203125,0.9923095703125
1183283897,0.0858154296875,0.051025390625,0.07305908203125,0.9923095703125
1183283927,0.08544921875,0.05126953125,0.072998046875,0.9923095703125
1183283928,0.08514404296875,0.05157470703125,0.07275390625,0.9923095703125
1183283957,0.0850830078125,0.0517578125,0.07244873046875,0.99237060546875
1183283985,0.08502197265625,0.05181884765625,0.07208251953125,0.99237060546875
1183284051,0.08477783203125,0.0518798828125,0.07177734375,0.992431640625
1183284052,0.084228515625,0.05218505859375,0.0709228515625,0.99249267578125
1183284052,0.084228515625,0.05218505859375,0.0709228515625,0.99249267578125
1183284076,0.08416748046875,0.05218505859375,0.0704345703125,0.9925537109375
1183284076,0.0841064453125,0.05230712890625,0.0699462890625,0.9925537109375
1183284108,0.083984375,0.05242919921875,0.069580078125,0.99261474609375
1183284136,0.08380126953125,0.052490234375,0.06915283203125,0.99267578125
1183284138,0.0836181640625,0.0526123046875,0.0687255859375,0.99267578125
1183284168,0.08367919921875,0.052734375,0.06829833984375,0.99273681640625
1183284198,0.08367919921875,0.05291748046875,0.06781005859375,0.99273681640625
1183284198,0.0836181640625,0.05303955078125,0.06744384765625,0.99273681640625
1183284226,0.08355712890625,0.05316162109375,0.06707763671875,0.9927978515625
1183284257,0.08349609375,0.05322265625,0.066650390625,0.9927978515625
1183284257,0.08349609375,0.05322265625,0.06634521484375,0.99285888671875
1183284320,0.08343505859375,0.05328369140625,0.06610107421875,0.99285888671875
1183284322,0.0833740234375,0.05322265625,0.0657958984375,0.99285888671875
1183284323,0.0833740234375,0.05322265625,0.0657958984375,0.99285888671875
1183284347,0.08343505859375,0.05328369140625,0.0657958984375,0.99285888671875
1183284401,0.0833740234375,0.05328369140625,0.0657958984375,0.99285888671875
1183284401,0.0833740234375,0.05328369140625,0.0657958984375,0.99285888671875
1183284406,0.0833740234375,0.0533447265625,0.0657958984375,0.99285888671875
1183284408,0.0833740234375,0.0533447265625,0.0657958984375,0.99285888671875
1183284437,0.08343505859375,0.0533447265625,0.0657958984375,0.99285888671875
1183284439,0.08355712890625,0.05322265625,0.065673828125,0.99285888671875
1183284467,0.0838623046875,0.05303955078125,0.06561279296875,0.99285888671875
1183284498,0.08404541015625,0.05291748046875,0.0655517578125,0.99285888671875
1183284499,0.0841064453125,0.05279541015625,0.06549072265625,0.99285888671875
1183284527,0.08416748046875,0.05279541015625,0.06549072265625,0.99285888671875
1183284558,0.0841064453125,0.05279541015625,0.06549072265625,0.99285888671875
1183284559,0.0841064453125,0.05279541015625,0.06549072265625,0.99285888671875
1183284589,0.08416748046875,0.05279541015625,0.06549072265625,0.99285888671875
1183284616,0.08416748046875,0.05279541015625,0.06549072265625,0.99285888671875
1183284616,0.08416748046875,0.05279541015625,0.06549072265625,0.99285888671875
1183284647,0.08416748046875,0.05279541015625,0.06549072265625,0.99285888671875
1183284676,0.0841064453125,0.0528564453125,0.06549072265625,0.99285888671875
1183284678,0.08416748046875,0.05267333984375,0.06536865234375,0.99285888671875
1183284707,0.0843505859375,0.052490234375,0.0653076171875,0.99285888671875
1183284736,0.08441162109375,0.052490234375,0.0653076171875,0.99285888671875
1183284736,0.08447265625,0.05230712890625,0.0653076171875,0.99285888671875
1183284767,0.0845947265625,0.05218505859375,0.0653076171875,0.99285888671875
1183284796,0.0845947265625,0.05218505859375,0.0653076171875,0.99285888671875
1183284798,0.08465576171875,0.05218505859375,0.0653076171875,0.99285888671875
1183284827,0.08465576171875,0.05218505859375,0.0653076171875,0.99285888671875
1183284857,0.08465576171875,0.05218505859375,0.0653076171875,0.99285888671875
1183284858,0.084716796875,0.05218505859375,0.0653076171875,0.99285888671875
1183284886,0.084716796875,0.05218505859375,0.0653076171875,0.99285888671875
1183284918,0.084716796875,0.05224609375,0.0653076171875,0.99285888671875
1183284920,0.084716796875,0.05224609375,0.0653076171875,0.99285888671875
1183284946,0.08477783203125,0.05224609375,0.0653076171875,0.99285888671875
1183284975,0.08477783203125,0.05224609375,0.0653076171875,0.99285888671875
1183284976,0.08477783203125,0.05224609375,0.0653076171875,0.99285888671875
1183285005,0.0849609375,0.05224609375,0.06512451171875,0.99285888671875
1183285036,0.0849609375,0.05224609375,0.06494140625,0.99285888671875
1183285038,0.08502197265625,0.05230712890625,0.0648193359375,0.99285888671875
1183285067,0.0849609375,0.05224609375,0.06463623046875,0.99285888671875
1183285099,0.0849609375,0.0521240234375,0.064453125,0.992919921875
1183285100,0.0849609375,0.0521240234375,0.064453125,0.992919921875
1183285129,0.0849609375,0.05206298828125,0.064453125,0.992919921875
1183285158,0.08502197265625,0.0521240234375,0.064453125,0.992919921875
1183285159,0.08502197265625,0.0521240234375,0.064453125,0.992919921875
1183285187,0.085205078125,0.052001953125,0.0643310546875,0.99285888671875
1183285216,0.08538818359375,0.05181884765625,0.064208984375,0.992919921875
1183285218,0.08538818359375,0.05181884765625,0.064208984375,0.99285888671875
1183285247,0.08538818359375,0.05181884765625,0.064208984375,0.99285888671875
1183285279,0.08538818359375,0.0518798828125,0.064208984375,0.99285888671875
1183285279,0.08544921875,0.0518798828125,0.064208984375,0.99285888671875
1183285337,0.08544921875,0.0518798828125,0.064208984375,0.99285888671875
1183285338,0.08544921875,0.0518798828125,0.064208984375,0.99285888671875
1183285338,0.08544921875,0.05194091796875,0.064208984375,0.99285888671875
1183285366,0.08544921875,0.05194091796875,0.064208984375,0.99285888671875
1183285397,0.08544921875,0.05194091796875,0.064208984375,0.99285888671875
1183285399,0.08544921875,0.05194091796875,0.064208984375,0.99285888671875
1183285427,0.0855712890625,0.0521240234375,0.06427001953125,0.99285888671875
1183285457,0.08563232421875,0.05242919921875,0.06439208984375,0.9927978515625
1183285458,0.08563232421875,0.05242919921875,0.06439208984375,0.9927978515625
1183285486,0.085693359375,0.05242919921875,0.06439208984375,0.9927978515625
1183285517,0.085693359375,0.05242919921875,0.06439208984375,0.9927978515625
1183285517,0.085693359375,0.05242919921875,0.06439208984375,0.9927978515625
1183285547,0.08575439453125,0.05242919921875,0.06439208984375,0.9927978515625
1183285576,0.08575439453125,0.05242919921875,0.06439208984375,0.9927978515625
1183285576,0.0859375,0.05230712890625,0.0645751953125,0.9927978515625
1183285606,0.0860595703125,0.05218505859375,0.06475830078125,0.9927978515625
1183285636,0.0863037109375,0.052001953125,0.06500244140625,0.99273681640625
1183285638,0.08636474609375,0.052001953125,0.06500244140625,0.99273681640625
1183285667,0.08636474609375,0.05206298828125,0.06500244140625,0.99273681640625
1183285696,0.08636474609375,0.05206298828125,0.06500244140625,0.99273681640625
1183285697,0.08636474609375,0.05181884765625,0.06512451171875,0.99273681640625
1183285728,0.08636474609375,0.0516357421875,0.06536865234375,0.99273681640625
1183285758,0.08642578125,0.0513916015625,0.0655517578125,0.99273681640625
1183285758,0.08648681640625,0.05126953125,0.06561279296875,0.99273681640625
1183285787,0.08642578125,0.05108642578125,0.065673828125,0.99273681640625
1183285817,0.08648681640625,0.0511474609375,0.065673828125,0.99273681640625
1183285818,0.08648681640625,0.0511474609375,0.065673828125,0.99273681640625
1183285847,0.08673095703125,0.05108642578125,0.06573486328125,0.99273681640625
1183285877,0.08673095703125,0.05108642578125,0.06573486328125,0.99273681640625
1183285877,0.08673095703125,0.05108642578125,0.06573486328125,0.99273681640625
1183285906,0.08673095703125,0.05108642578125,0.06573486328125,0.99273681640625
1183285936,0.0867919921875,0.05126953125,0.06573486328125,0.99267578125
1183285938,0.0867919921875,0.05126953125,0.06573486328125,0.99267578125
1183285966,0.0867919921875,0.05133056640625,0.06573486328125,0.99267578125
1183285996,0.08660888671875,0.05133056640625,0.06585693359375,0.99267578125
1183285997,0.08660888671875,0.05133056640625,0.06585693359375,0.99267578125
1183286026,0.08660888671875,0.05133056640625,0.06585693359375,0.99267578125
1183286057,0.08660888671875,0.05133056640625,0.06591796875,0.99267578125
1183286058,0.08660888671875,0.05133056640625,0.06591796875,0.99267578125
1183286087,0.086669921875,0.05133056640625,0.06591796875,0.99267578125
1183286117,0.08685302734375,0.05108642578125,0.06591796875,0.99267578125
1183286117,0.087158203125,0.0509033203125,0.06591796875,0.99267578125
1183286148,0.0872802734375,0.05072021484375,0.06585693359375,0.99267578125
1183286182,0.0872802734375,0.05072021484375,0.06585693359375,0.99267578125
1183286183,0.08734130859375,0.05072021484375,0.06585693359375,0.99267578125
1183286240,0.08734130859375,0.05072021484375,0.06585693359375,0.99267578125
1183286241,0.08734130859375,0.05072021484375,0.06585693359375,0.99267578125
1183286242,0.08734130859375,0.05072021484375,0.06585693359375,0.99267578125
1183286267,0.08734130859375,0.0506591796875,0.06585693359375,0.99267578125
1183286297,0.08740234375,0.05072021484375,0.06585693359375,0.99267578125
1183286298,0.08740234375,0.05072021484375,0.06585693359375,0.99267578125
1183286327,0.08740234375,0.05072021484375,0.06585693359375,0.99267578125
1183286362,0.08740234375,0.05072021484375,0.06585693359375,0.99267578125
1183286362,0.08740234375,0.05072021484375,0.06585693359375,0.99267578125
1183286385,0.08746337890625,0.05072021484375,0.06585693359375,0.99267578125
1183286417,0.08746337890625,0.05072021484375,0.06585693359375,0.99267578125
1183286417,0.08746337890625,0.05072021484375,0.06585693359375,0.99267578125
1183286447,0.08746337890625,0.05072021484375,0.06585693359375,0.99267578125
1183286476,0.08746337890625,0.05072021484375,0.06585693359375,0.99267578125
1183286476,0.08746337890625,0.05072021484375,0.06585693359375,0.99267578125
1183286506,0.0875244140625,0.05072021484375,0.06585693359375,0.99267578125
1183286535,0.0875244140625,0.05072021484375,0.06585693359375,0.99267578125
1183286535,0.08734130859375,0.05072021484375,0.06585693359375,0.99267578125
1183286565,0.08734130859375,0.05072021484375,0.06585693359375,0.99267578125
1183286597,0.08740234375,0.05078125,0.06585693359375,0.99267578125
1183286627,0.08740234375,0.05078125,0.06585693359375,0.99267578125
1183286629,0.08740234375,0.05078125,0.06585693359375,0.99267578125
1183286658,0.08740234375,0.05078125,0.06585693359375,0.99267578125
1183286659,0.0872802734375,0.05078125,0.06585693359375,0.99267578125
1183286687,0.0872802734375,0.05078125,0.06585693359375,0.99267578125
1183286716,0.0872802734375,0.05078125,0.06585693359375,0.99267578125
1183286716,0.08734130859375,0.05084228515625,0.06585693359375,0.99267578125
1183286746,0.08734130859375,0.05084228515625,0.06585693359375,0.99267578125
1183286777,0.08740234375,0.0509033203125,0.0660400390625,0.99261474609375
1183286778,0.087646484375,0.05108642578125,0.06646728515625,0.9925537109375
1183286807,0.08782958984375,0.05133056640625,0.06695556640625,0.99249267578125
1183286870,0.08795166015625,0.05157470703125,0.06744384765625,0.99249267578125
1183286870,0.088134765625,0.05181884765625,0.06768798828125,0.992431640625
1183286871,0.088134765625,0.0518798828125,0.06793212890625,0.99237060546875
1183286896,0.0880126953125,0.0521240234375,0.0682373046875,0.99237060546875
1183286897,0.08782958984375,0.05230712890625,0.0684814453125,0.99237060546875
1183286927,0.08770751953125,0.052490234375,0.06878662109375,0.99237060546875
1183286957,0.0875244140625,0.05267333984375,0.069091796875,0.9923095703125
1183286957,0.0872802734375,0.052734375,0.0694580078125,0.9923095703125
1183286987,0.08697509765625,0.05279541015625,0.06976318359375,0.9923095703125
1183287017,0.08685302734375,0.052978515625,0.070068359375,0.9923095703125
1183287017,0.08648681640625,0.0531005859375,0.07025146484375,0.9923095703125
1183287048,0.086181640625,0.05322265625,0.0701904296875,0.99237060546875
1183287076,0.0859375,0.05340576171875,0.07000732421875,0.99237060546875
1183287078,0.085693359375,0.0535888671875,0.06976318359375,0.99237060546875
1183287107,0.08538818359375,0.0535888671875,0.06951904296875,0.992431640625
1183287137,0.08514404296875,0.05352783203125,0.06927490234375,0.99249267578125
1183287137,0.0849609375,0.0535888671875,0.0689697265625,0.99249267578125
1183287167,0.0848388671875,0.05364990234375,0.06854248046875,0.9925537109375
1183287198,0.08465576171875,0.05377197265625,0.068115234375,0.99261474609375
1183287198,0.08441162109375,0.05389404296875,0.06756591796875,0.99261474609375
1183287229,0.08404541015625,0.053955078125,0.06707763671875,0.99267578125
1183287256,0.08331298828125,0.0540771484375,0.06597900390625,0.9927978515625
1183287256,0.08331298828125,0.0540771484375,0.06597900390625,0.9927978515625
1183287286,0.0831298828125,0.05419921875,0.0654296875,0.99285888671875
1183287317,0.0828857421875,0.05419921875,0.06500244140625,0.992919921875
1183287318,0.08258056640625,0.05419921875,0.06463623046875,0.99298095703125
1183287348,0.082275390625,0.05419921875,0.06439208984375,0.9930419921875
1183287377,0.08197021484375,0.05419921875,0.064208984375,0.9930419921875
1183287377,0.0816650390625,0.0540771484375,0.06402587890625,0.99310302734375
1183287407,0.0816650390625,0.0540771484375,0.06402587890625,0.99310302734375
1183287437,0.08160400390625,0.05401611328125,0.06396484375,0.99310302734375
1183287437,0.08154296875,0.05389404296875,0.06396484375,0.99310302734375
1183287467,0.0816650390625,0.0538330078125,0.06396484375,0.99310302734375
1183287529,0.0816650390625,0.0538330078125,0.06396484375,0.99310302734375
1183287530,0.0816650390625,0.0538330078125,0.06396484375,0.99310302734375
1183287531,0.0816650390625,0.0538330078125,0.06396484375,0.99310302734375
1183287558,0.0816650390625,0.0538330078125,0.06396484375,0.99310302734375
1183287588,0.08172607421875,0.0538330078125,0.06396484375,0.99310302734375
1183287588,0.08172607421875,0.0538330078125,0.06396484375,0.99310302734375
1183287618,0.08221435546875,0.053466796875,0.0638427734375,0.99310302734375
1183287618,0.08221435546875,0.053466796875,0.0638427734375,0.99310302734375
1183287647,0.08258056640625,0.05322265625,0.06378173828125,0.99310302734375
1183287677,0.08306884765625,0.05303955078125,0.06365966796875,0.9930419921875
1183287677,0.08355712890625,0.05291748046875,0.0634765625,0.9930419921875
1183287707,0.08392333984375,0.05279541015625,0.063232421875,0.9930419921875
1183287737,0.08428955078125,0.0526123046875,0.06298828125,0.9930419921875
1183287737,0.08453369140625,0.05255126953125,0.06280517578125,0.9930419921875
1183287767,0.084716796875,0.052490234375,0.06256103515625,0.99298095703125
1183287797,0.0849609375,0.052490234375,0.06231689453125,0.9930419921875
1183287828,0.0853271484375,0.052490234375,0.06207275390625,0.99298095703125
1183287828,0.0855712890625,0.05255126953125,0.06182861328125,0.99298095703125
1183287857,0.08575439453125,0.052490234375,0.06158447265625,0.99298095703125
1183287885,0.08587646484375,0.05255126953125,0.06134033203125,0.99298095703125
1183287886,0.08599853515625,0.05255126953125,0.06103515625,0.99298095703125
1183287916,0.08612060546875,0.05255126953125,0.0606689453125,0.99298095703125
1183287945,0.0863037109375,0.05267333984375,0.06036376953125,0.99298095703125
1183287945,0.086669921875,0.052734375,0.05999755859375,0.99298095703125
1183287977,0.08709716796875,0.05279541015625,0.05975341796875,0.99298095703125
1183288005,0.087646484375,0.05291748046875,0.05963134765625,0.992919921875
1183288005,0.08795166015625,0.052978515625,0.0595703125,0.992919921875
1183288036,0.08831787109375,0.05303955078125,0.05950927734375,0.99285888671875
1183288066,0.08856201171875,0.0531005859375,0.059326171875,0.99285888671875
1183288097,0.08856201171875,0.0531005859375,0.059326171875,0.99285888671875
1183288127,0.08856201171875,0.05316162109375,0.059326171875,0.99285888671875
1183288127,0.0887451171875,0.05328369140625,0.0592041015625,0.9927978515625
1183288128,0.0889892578125,0.053466796875,0.05914306640625,0.9927978515625
1183288174,0.08917236328125,0.05364990234375,0.0592041015625,0.99273681640625
1183288185,0.08941650390625,0.05377197265625,0.059326171875,0.99273681640625
1183288186,0.089599609375,0.0538330078125,0.0595703125,0.99267578125
1183288217,0.0897216796875,0.05389404296875,0.05975341796875,0.99267578125
1183288248,0.08978271484375,0.05389404296875,0.05975341796875,0.99267578125
1183288248,0.08966064453125,0.0537109375,0.05999755859375,0.99267578125
1183288279,0.089599609375,0.05364990234375,0.0601806640625,0.99267578125
1183288339,0.08953857421875,0.0535888671875,0.0604248046875,0.99267578125
1183288340,0.0897216796875,0.05340576171875,0.06060791015625,0.99267578125
1183288341,0.090087890625,0.05322265625,0.060791015625,0.99261474609375
1183288367,0.09033203125,0.05303955078125,0.06097412109375,0.99261474609375
1183288368,0.0904541015625,0.0528564453125,0.0611572265625,0.9925537109375
1183288401,0.0908203125,0.052734375,0.0611572265625,0.9925537109375
1183288425,0.0908203125,0.052734375,0.0611572265625,0.9925537109375
1183288426,0.0908203125,0.052734375,0.0611572265625,0.9925537109375
1183288456,0.09063720703125,0.0528564453125,0.06109619140625,0.9925537109375
1183288485,0.09033203125,0.05291748046875,0.06103515625,0.99261474609375
1183288485,0.08984375,0.052978515625,0.06097412109375,0.99261474609375
1183288516,0.08929443359375,0.052978515625,0.0609130859375,0.99267578125
1183288546,0.08868408203125,0.05303955078125,0.06085205078125,0.99273681640625
1183288548,0.0882568359375,0.05291748046875,0.06097412109375,0.9927978515625
1183288577,0.0880126953125,0.05267333984375,0.0611572265625,0.9927978515625
1183288607,0.087890625,0.0523681640625,0.0614013671875,0.9927978515625
1183288607,0.0880126953125,0.05206298828125,0.0616455078125,0.9927978515625
1183288636,0.0882568359375,0.0517578125,0.06182861328125,0.9927978515625
1183288667,0.08837890625,0.05157470703125,0.06195068359375,0.9927978515625
1183288668,0.08837890625,0.05157470703125,0.06195068359375,0.9927978515625
1183288697,0.08837890625,0.05157470703125,0.06195068359375,0.9927978515625
1183288727,0.08831787109375,0.05169677734375,0.06201171875,0.9927978515625
1183288729,0.08807373046875,0.0518798828125,0.0621337890625,0.9927978515625
1183288757,0.08770751953125,0.05194091796875,0.062255859375,0.9927978515625
1183288787,0.0872802734375,0.05194091796875,0.06243896484375,0.99285888671875
1183288787,0.0867919921875,0.05206298828125,0.06256103515625,0.99285888671875
1183288817,0.0863037109375,0.052001953125,0.06256103515625,0.992919921875
1183288847,0.08599853515625,0.0521240234375,0.06243896484375,0.992919921875
1183288847,0.085693359375,0.05230712890625,0.06231689453125,0.99298095703125
1183288877,0.08551025390625,0.0526123046875,0.062255859375,0.99298095703125
1183288907,0.08538818359375,0.0528564453125,0.06219482421875,0.99298095703125
1183288909,0.08538818359375,0.05291748046875,0.06219482421875,0.99298095703125
1183288938,0.0850830078125,0.052978515625,0.0621337890625,0.99298095703125
1183288967,0.0845947265625,0.0531005859375,0.06207275390625,0.9930419921875
1183288968,0.0841064453125,0.05322265625,0.06195068359375,0.9930419921875
1183288998,0.0838623046875,0.05340576171875,0.061767578125,0.99310302734375
1183289026,0.0836181640625,0.05352783203125,0.0616455078125,0.99310302734375
1183289028,0.0833740234375,0.05364990234375,0.06146240234375,0.9931640625
1183289057,0.08319091796875,0.05377197265625,0.06121826171875,0.9931640625
1183289087,0.0831298828125,0.05377197265625,0.0609130859375,0.9931640625
1183289088,0.0830078125,0.0538330078125,0.060791015625,0.99322509765625
1183289118,0.0826416015625,0.05389404296875,0.06072998046875,0.99322509765625
1183289146,0.08221435546875,0.053955078125,0.060791015625,0.9932861328125
1183289146,0.08209228515625,0.0540771484375,0.06060791015625,0.9932861328125
1183289178,0.08233642578125,0.05419921875,0.06024169921875,0.9932861328125
1183289206,0.08258056640625,0.05426025390625,0.05987548828125,0.9932861328125
1183289208,0.082763671875,0.0543212890625,0.05963134765625,0.9932861328125
1183289237,0.08270263671875,0.0543212890625,0.05963134765625,0.9932861328125
1183289266,0.08258056640625,0.05438232421875,0.0595703125,0.9932861328125
1183289267,0.0823974609375,0.054443359375,0.05950927734375,0.9932861328125
1183289297,0.08209228515625,0.05438232421875,0.0595703125,0.99334716796875
1183289326,0.08184814453125,0.05438232421875,0.0595703125,0.99334716796875
1183289328,0.0816650390625,0.05426025390625,0.0594482421875,0.99334716796875
1183289356,0.08160400390625,0.05419921875,0.05926513671875,0.993408203125
1183289387,0.081787109375,0.0540771484375,0.05914306640625,0.993408203125
1183289388,0.08203125,0.0540771484375,0.05902099609375,0.99334716796875
1183289417,0.08203125,0.05413818359375,0.05902099609375,0.99334716796875
1183289446,0.08221435546875,0.0540771484375,0.05902099609375,0.99334716796875
1183289448,0.08221435546875,0.0540771484375,0.05902099609375,0.99334716796875
1183289476,0.08221435546875,0.05413818359375,0.05902099609375,0.99334716796875
1183289507,0.08221435546875,0.05413818359375,0.05902099609375,0.99334716796875
1183289508,0.08221435546875,0.05413818359375,0.05902099609375,0.99334716796875
1183289537,0.08221435546875,0.0540771484375,0.05902099609375,0.99334716796875
1183289567,0.08221435546875,0.0540771484375,0.05902099609375,0.99334716796875
1183289568,0.08233642578125,0.05389404296875,0.058837890625,0.99334716796875
1183289598,0.08258056640625,0.05389404296875,0.0584716796875,0.99334716796875
1183289627,0.08294677734375,0.0538330078125,0.05810546875,0.99334716796875
1183289627,0.08343505859375,0.05364990234375,0.0577392578125,0.99334716796875
1183289657,0.08404541015625,0.05340576171875,0.05743408203125,0.99334716796875
1183289687,0.08447265625,0.052978515625,0.05706787109375,0.99334716796875
1183289687,0.08489990234375,0.05255126953125,0.05670166015625,0.99334716796875
1183289717,0.08526611328125,0.05218505859375,0.0562744140625,0.99334716796875
1183289718,0.08563232421875,0.0518798828125,0.05572509765625,0.993408203125
1183289747,0.0858154296875,0.0516357421875,0.05523681640625,0.993408203125
1183289777,0.0858154296875,0.0513916015625,0.0548095703125,0.99346923828125
1183289778,0.08587646484375,0.0511474609375,0.054443359375,0.99346923828125
1183289807,0.08599853515625,0.05096435546875,0.0540771484375,0.99346923828125
1183289837,0.0863037109375,0.0509033203125,0.05377197265625,0.99346923828125
1183289838,0.08648681640625,0.0509033203125,0.053466796875,0.99346923828125
1183289866,0.08648681640625,0.0509033203125,0.05328369140625,0.99346923828125
1183289896,0.08648681640625,0.0509033203125,0.05328369140625,0.99346923828125
1183289897,0.08648681640625,0.05096435546875,0.05328369140625,0.99346923828125
1183289927,0.08642578125,0.05096435546875,0.05328369140625,0.99346923828125
1183289958,0.08636474609375,0.051025390625,0.05352783203125,0.99346923828125
1183289959,0.08624267578125,0.051025390625,0.05377197265625,0.99346923828125
1183289987,0.08642578125,0.05108642578125,0.053955078125,0.99346923828125
1183290016,0.08673095703125,0.051025390625,0.05413818359375,0.993408203125
1183290017,0.08697509765625,0.05096435546875,0.0543212890625,0.993408203125
1183290046,0.0872802734375,0.05084228515625,0.05450439453125,0.99334716796875
1183290076,0.0875244140625,0.05072021484375,0.0546875,0.99334716796875
1183290078,0.0877685546875,0.0506591796875,0.05487060546875,0.9932861328125
1183290107,0.088134765625,0.05059814453125,0.05511474609375,0.9932861328125
1183290137,0.08843994140625,0.0506591796875,0.0552978515625,0.99322509765625
1183290138,0.08843994140625,0.0506591796875,0.0552978515625,0.99322509765625
1183290167,0.08843994140625,0.05072021484375,0.0552978515625,0.99322509765625
1183290198,0.08843994140625,0.05072021484375,0.0552978515625,0.99322509765625
1183290199,0.0885009765625,0.05072021484375,0.0552978515625,0.99322509765625
1183290227,0.0885009765625,0.05072021484375,0.0552978515625,0.99322509765625
1183290258,0.0885009765625,0.05078125,0.0552978515625,0.99322509765625
1183290260,0.0885009765625,0.05078125,0.0552978515625,0.99322509765625
1183290287,0.08856201171875,0.05078125,0.0552978515625,0.99322509765625
1183290316,0.08843994140625,0.051025390625,0.0552978515625,0.99322509765625
1183290319,0.08819580078125,0.05126953125,0.0552978515625,0.99322509765625
1183290376,0.0880126953125,0.05157470703125,0.05517578125,0.99322509765625
1183290376,0.08746337890625,0.052001953125,0.0550537109375,0.99322509765625
1183290376,0.08746337890625,0.052001953125,0.0550537109375,0.99322509765625
1183290406,0.08709716796875,0.05230712890625,0.0550537109375,0.9932861328125
1183290436,0.08673095703125,0.052490234375,0.05499267578125,0.9932861328125
1183290437,0.08636474609375,0.052734375,0.05487060546875,0.99334716796875
1183290467,0.08624267578125,0.0528564453125,0.0548095703125,0.99334716796875
1183290497,0.086181640625,0.05291748046875,0.05474853515625,0.99334716796875
1183290498,0.086181640625,0.05291748046875,0.05474853515625,0.99334716796875
1183290527,0.08624267578125,0.05291748046875,0.05474853515625,0.99334716796875
1183290556,0.08624267578125,0.05291748046875,0.05474853515625,0.99334716796875
1183290557,0.0860595703125,0.052978515625,0.0545654296875,0.99334716796875
1183290585,0.08599853515625,0.05291748046875,0.05438232421875,0.99334716796875
1183290617,0.0859375,0.05291748046875,0.05413818359375,0.993408203125
1183290618,0.085693359375,0.05291748046875,0.05401611328125,0.993408203125
1183290647,0.0853271484375,0.052978515625,0.05389404296875,0.99346923828125
1183290677,0.08514404296875,0.0531005859375,0.0538330078125,0.99346923828125
1183290677,0.0849609375,0.05316162109375,0.05377197265625,0.99346923828125
1183290707,0.0845947265625,0.05322265625,0.0537109375,0.9935302734375
1183290737,0.0843505859375,0.0533447265625,0.0535888671875,0.9935302734375
1183290738,0.0841064453125,0.05340576171875,0.0533447265625,0.9935302734375
1183290767,0.083984375,0.05352783203125,0.05303955078125,0.99359130859375
1183290797,0.08367919921875,0.05364990234375,0.05279541015625,0.99359130859375
1183290798,0.083251953125,0.0537109375,0.0526123046875,0.99365234375
1183290827,0.08306884765625,0.0538330078125,0.05242919921875,0.99365234375
1183290857,0.08282470703125,0.053955078125,0.05224609375,0.99371337890625
1183290859,0.082763671875,0.0540771484375,0.052001953125,0.99371337890625
1183290888,0.08251953125,0.05413818359375,0.05181884765625,0.99371337890625
1183290916,0.082275390625,0.05419921875,0.05169677734375,0.9937744140625
1183290918,0.08197021484375,0.05426025390625,0.051513671875,0.9937744140625
1183290946,0.081787109375,0.05426025390625,0.05126953125,0.99383544921875
1183290976,0.08172607421875,0.05438232421875,0.051025390625,0.99383544921875
1183290978,0.08172607421875,0.054443359375,0.05078125,0.99383544921875
1183291007,0.0816650390625,0.0545654296875,0.05059814453125,0.99383544921875
1183291037,0.08154296875,0.0545654296875,0.0504150390625,0.99383544921875
1183291037,0.0814208984375,0.0545654296875,0.05010986328125,0.993896484375
1183291066,0.081298828125,0.0545654296875,0.0498046875,0.993896484375
1183291097,0.0811767578125,0.05450439453125,0.04962158203125,0.99395751953125
1183291098,0.08111572265625,0.05450439453125,0.04962158203125,0.99395751953125
1183291127,0.08111572265625,0.05450439453125,0.04962158203125,0.99395751953125
1183291157,0.08111572265625,0.0545654296875,0.04962158203125,0.99395751953125
1183291157,0.08111572265625,0.0545654296875,0.04962158203125,0.99395751953125
1183291187,0.08111572265625,0.0545654296875,0.04962158203125,0.99395751953125
1183291216,0.08111572265625,0.0545654296875,0.04962158203125,0.99395751953125
1183291217,0.0811767578125,0.0545654296875,0.04962158203125,0.99395751953125
1183291247,0.0811767578125,0.0545654296875,0.04962158203125,0.99395751953125
1183291277,0.0811767578125,0.0545654296875,0.04962158203125,0.99395751953125
1183291277,0.0811767578125,0.0545654296875,0.04962158203125,0.99395751953125
1183291307,0.08123779296875,0.0545654296875,0.04962158203125,0.99395751953125
1183291336,0.08123779296875,0.0545654296875,0.04962158203125,0.993896484375
1183291338,0.08123779296875,0.0545654296875,0.04962158203125,0.993896484375
1183291367,0.081298828125,0.0545654296875,0.04962158203125,0.993896484375
1183291397,0.081298828125,0.0545654296875,0.04962158203125,0.993896484375
1183291398,0.08123779296875,0.0545654296875,0.04962158203125,0.993896484375
1183291427,0.081298828125,0.05462646484375,0.04962158203125,0.993896484375
1183291456,0.081298828125,0.05462646484375,0.04962158203125,0.993896484375
1183291457,0.081298828125,0.05462646484375,0.04962158203125,0.993896484375
1183291487,0.081298828125,0.05462646484375,0.04962158203125,0.993896484375
1183291517,0.081298828125,0.05462646484375,0.04962158203125,0.993896484375
1183291517,0.081298828125,0.05462646484375,0.04962158203125,0.993896484375
1183291546,0.081298828125,0.05450439453125,0.04949951171875,0.99395751953125
1183291576,0.08135986328125,0.05413818359375,0.0494384765625,0.99395751953125
1183291576,0.08135986328125,0.05413818359375,0.0494384765625,0.99395751953125
1183291605,0.0814208984375,0.05389404296875,0.04949951171875,0.99395751953125
1183291638,0.0814208984375,0.05389404296875,0.04949951171875,0.99395751953125
1183291638,0.0814208984375,0.05389404296875,0.04949951171875,0.99395751953125
1183291666,0.08148193359375,0.05389404296875,0.04949951171875,0.99395751953125
1183291697,0.08148193359375,0.053955078125,0.04949951171875,0.99395751953125
1183291699,0.08148193359375,0.053955078125,0.04949951171875,0.99395751953125
1183291727,0.08148193359375,0.053955078125,0.04949951171875,0.99395751953125
1183291758,0.08154296875,0.053955078125,0.04949951171875,0.99395751953125
1183291758,0.08154296875,0.053955078125,0.04949951171875,0.99395751953125
1183291787,0.08154296875,0.053955078125,0.04949951171875,0.99395751953125
1183291817,0.08154296875,0.053955078125,0.04949951171875,0.99395751953125
1183291818,0.08154296875,0.053955078125,0.04949951171875,0.99395751953125
1183291847,0.08160400390625,0.053955078125,0.04949951171875,0.99395751953125
1183291877,0.08160400390625,0.053955078125,0.04949951171875,0.99395751953125
1183291878,0.08160400390625,0.053955078125,0.04949951171875,0.99395751953125
1183291907,0.08160400390625,0.053955078125,0.04949951171875,0.99395751953125
1183291937,0.0816650390625,0.053955078125,0.04949951171875,0.99395751953125
1183291939,0.0816650390625,0.053955078125,0.04949951171875,0.99395751953125
1183291966,0.0816650390625,0.05389404296875,0.04949951171875,0.99395751953125
1183291996,0.0816650390625,0.05389404296875,0.04949951171875,0.99395751953125
1183291998,0.08172607421875,0.05389404296875,0.04949951171875,0.99395751953125
1183292028,0.08172607421875,0.05389404296875,0.04949951171875,0.99395751953125
1183292058,0.08172607421875,0.05389404296875,0.04949951171875,0.99395751953125
1183292058,0.08172607421875,0.05389404296875,0.04949951171875,0.99395751953125
1183292088,0.08203125,0.05377197265625,0.0494384765625,0.993896484375
1183292117,0.08221435546875,0.0535888671875,0.04931640625,0.993896484375
1183292118,0.08221435546875,0.0535888671875,0.04931640625,0.993896484375
1183292147,0.0823974609375,0.05352783203125,0.0491943359375,0.993896484375
1183292177,0.0823974609375,0.05352783203125,0.0491943359375,0.993896484375
1183292177,0.08245849609375,0.05352783203125,0.0491943359375,0.993896484375
1183292207,0.08245849609375,0.0535888671875,0.0491943359375,0.993896484375
1183292237,0.08245849609375,0.0535888671875,0.0491943359375,0.993896484375
1183292238,0.08251953125,0.0535888671875,0.0491943359375,0.993896484375
1183292267,0.08251953125,0.0535888671875,0.0491943359375,0.993896484375
1183292298,0.08251953125,0.0535888671875,0.0491943359375,0.993896484375
1183292300,0.082763671875,0.05364990234375,0.0491943359375,0.993896484375
1183292327,0.082763671875,0.05364990234375,0.0491943359375,0.993896484375
1183292357,0.082763671875,0.05364990234375,0.0491943359375,0.993896484375
1183292358,0.08282470703125,0.0537109375,0.0491943359375,0.99383544921875
1183292387,0.08282470703125,0.0537109375,0.04925537109375,0.99383544921875
1183292417,0.0828857421875,0.0537109375,0.04925537109375,0.99383544921875
1183292421,0.0828857421875,0.0537109375,0.04925537109375,0.99383544921875
1183292445,0.08294677734375,0.0537109375,0.04925537109375,0.99383544921875
1183292476,0.08294677734375,0.0537109375,0.04925537109375,0.99383544921875
1183292476,0.08294677734375,0.0537109375,0.04925537109375,0.99383544921875
1183292506,0.083251953125,0.05364990234375,0.04925537109375,0.99383544921875
1183292538,0.083251953125,0.05364990234375,0.04925537109375,0.99383544921875
1183292538,0.08331298828125,0.05364990234375,0.04925537109375,0.99383544921875
1183292567,0.08331298828125,0.05364990234375,0.04925537109375,0.99383544921875
1183292597,0.08331298828125,0.05364990234375,0.04925537109375,0.99383544921875
1183292598,0.0833740234375,0.05364990234375,0.04925537109375,0.99383544921875
1183292657,0.0833740234375,0.05364990234375,0.04925537109375,0.99383544921875
1183292687,0.08343505859375,0.05364990234375,0.04925537109375,0.99383544921875
1183292688,0.08367919921875,0.05389404296875,0.04937744140625,0.9937744140625
1183292688,0.0838623046875,0.05419921875,0.0494384765625,0.99371337890625
1183292718,0.08404541015625,0.05474853515625,0.04949951171875,0.99371337890625
1183292720,0.084228515625,0.0552978515625,0.04949951171875,0.99365234375
1183292747,0.08428955078125,0.0557861328125,0.0494384765625,0.99359130859375
1183292777,0.0843505859375,0.05633544921875,0.04931640625,0.99359130859375
1183292778,0.0843505859375,0.05682373046875,0.04913330078125,0.99359130859375
1183292807,0.08447265625,0.057373046875,0.04913330078125,0.9935302734375
1183292838,0.08447265625,0.05780029296875,0.04913330078125,0.99346923828125
1183292839,0.08465576171875,0.058349609375,0.04913330078125,0.99346923828125
1183292867,0.08502197265625,0.05877685546875,0.049072265625,0.993408203125
1183292898,0.0853271484375,0.05908203125,0.04901123046875,0.99334716796875
1183292899,0.0853271484375,0.05908203125,0.04901123046875,0.99334716796875
1183292927,0.08538818359375,0.05908203125,0.04901123046875,0.99334716796875
1183292957,0.08538818359375,0.05908203125,0.04901123046875,0.99334716796875
1183292958,0.0855712890625,0.05889892578125,0.04888916015625,0.99334716796875
1183292985,0.0855712890625,0.05889892578125,0.04888916015625,0.99334716796875
1183293017,0.08563232421875,0.05877685546875,0.048828125,0.99334716796875
1183293019,0.0855712890625,0.05853271484375,0.04888916015625,0.99334716796875
1183293046,0.0855712890625,0.05853271484375,0.04888916015625,0.99334716796875
1183293078,0.08544921875,0.0584716796875,0.04901123046875,0.993408203125
1183293078,0.08514404296875,0.058349609375,0.04913330078125,0.993408203125
1183293107,0.08489990234375,0.058349609375,0.04931640625,0.993408203125
1183293136,0.0848388671875,0.05828857421875,0.04949951171875,0.993408203125
1183293138,0.0848388671875,0.058349609375,0.04949951171875,0.993408203125
1183293166,0.0848388671875,0.05828857421875,0.0496826171875,0.993408203125
1183293196,0.08489990234375,0.05816650390625,0.0499267578125,0.993408203125
1183293198,0.0850830078125,0.05810546875,0.05023193359375,0.99334716796875
1183293227,0.0853271484375,0.05804443359375,0.05047607421875,0.99334716796875
1183293257,0.08544921875,0.05810546875,0.0506591796875,0.99334716796875
1183293258,0.08551025390625,0.05810546875,0.0506591796875,0.9932861328125
1183293288,0.08551025390625,0.05810546875,0.0506591796875,0.9932861328125
1183293317,0.08538818359375,0.0582275390625,0.05084228515625,0.9932861328125
1183293318,0.085205078125,0.05816650390625,0.05096435546875,0.99334716796875
1183293348,0.08514404296875,0.05816650390625,0.05108642578125,0.99334716796875
1183293377,0.08514404296875,0.05816650390625,0.05108642578125,0.99334716796875
1183293377,0.08514404296875,0.05816650390625,0.05108642578125,0.99334716796875
1183293407,0.08514404296875,0.0582275390625,0.05108642578125,0.99334716796875
1183293437,0.08514404296875,0.0582275390625,0.05108642578125,0.9932861328125
1183293438,0.085205078125,0.0582275390625,0.05108642578125,0.9932861328125
1183293470,0.085205078125,0.0582275390625,0.05108642578125,0.9932861328125
1183293501,0.08526611328125,0.0582275390625,0.05108642578125,0.9932861328125
1183293501,0.08526611328125,0.0582275390625,0.05108642578125,0.9932861328125
1183293528,0.08526611328125,0.0582275390625,0.05108642578125,0.9932861328125
1183293556,0.08526611328125,0.0582275390625,0.05108642578125,0.9932861328125
1183293558,0.0853271484375,0.05828857421875,0.05108642578125,0.9932861328125
1183293586,0.085205078125,0.0582275390625,0.05108642578125,0.9932861328125
1183293617,0.0850830078125,0.05810546875,0.05120849609375,0.99334716796875
1183293617,0.0850830078125,0.05810546875,0.05120849609375,0.99334716796875
1183293647,0.0850830078125,0.05810546875,0.05120849609375,0.99334716796875
1183293676,0.08514404296875,0.05810546875,0.05120849609375,0.99334716796875
1183293677,0.08514404296875,0.05810546875,0.05120849609375,0.99334716796875
1183293706,0.08514404296875,0.05810546875,0.05120849609375,0.99334716796875
1183293737,0.085205078125,0.05816650390625,0.05120849609375,0.9932861328125
1183293737,0.085205078125,0.05816650390625,0.05120849609375,0.9932861328125
1183293767,0.08502197265625,0.05810546875,0.05120849609375,0.99334716796875
1183293797,0.08465576171875,0.05804443359375,0.0511474609375,0.99334716796875
1183293797,0.08428955078125,0.05804443359375,0.05108642578125,0.993408203125
1183293827,0.08392333984375,0.05804443359375,0.0509033203125,0.99346923828125
1183293857,0.0836181640625,0.05810546875,0.05078125,0.99346923828125
1183293858,0.08319091796875,0.0582275390625,0.05084228515625,0.99346923828125
1183293885,0.0826416015625,0.05828857421875,0.0509033203125,0.9935302734375
1183293915,0.08209228515625,0.05841064453125,0.0509033203125,0.99359130859375
1183293916,0.0814208984375,0.0584716796875,0.05084228515625,0.99365234375
1183293946,0.0806884765625,0.05853271484375,0.05084228515625,0.99365234375
1183293976,0.0806884765625,0.05859375,0.05084228515625,0.99365234375
1183293977,0.08050537109375,0.05828857421875,0.05096435546875,0.99371337890625
1183294005,0.08001708984375,0.05804443359375,0.05126953125,0.9937744140625
1183294037,0.07965087890625,0.05780029296875,0.0516357421875,0.9937744140625
1183294038,0.07989501953125,0.05755615234375,0.05194091796875,0.9937744140625
1183294069,0.08038330078125,0.0572509765625,0.05224609375,0.99371337890625
1183294095,0.08038330078125,0.05706787109375,0.052734375,0.99371337890625
1183294096,0.080078125,0.05694580078125,0.05328369140625,0.99371337890625
1183294125,0.0799560546875,0.056884765625,0.0537109375,0.99371337890625
1183294155,0.08001708984375,0.05694580078125,0.05419921875,0.99365234375
1183294156,0.08013916015625,0.05718994140625,0.0546875,0.99359130859375
1183294187,0.0804443359375,0.057373046875,0.05517578125,0.9935302734375
1183294217,0.08038330078125,0.0574951171875,0.055908203125,0.99346923828125
1183294219,0.080078125,0.05780029296875,0.05657958984375,0.99346923828125
1183294247,0.0802001953125,0.05804443359375,0.05712890625,0.993408203125
1183294277,0.0809326171875,0.05810546875,0.05755615234375,0.99334716796875
1183294277,0.08154296875,0.05810546875,0.0582275390625,0.99322509765625
1183294305,0.08172607421875,0.05816650390625,0.0589599609375,0.9931640625
1183294366,0.0821533203125,0.0582275390625,0.06005859375,0.9930419921875
1183294366,0.0821533203125,0.0582275390625,0.06005859375,0.9930419921875
1183294367,0.082763671875,0.0582275390625,0.06048583984375,0.99298095703125
